SYMBOL,SERIES,DATE1,PREV_CLOSE,OPEN_PRICE,HIGH_PRICE,LOW_PRICE,LAST_PRICE,CLOSE_PRICE,AVG_PRICE,TTL_TRD_QNTY,TURNOVER_LACS,NO_OF_TRADES,DELIV_QTY,DELIV_PER
INFINIUM,ST,17-04-2023,135.0,141.5,148.55,141.5,148.55,147.8,143.19,"8,00,000","11,45,49,100.00",684,"7,95,000",99.38
INFINIUM,ST,18-04-2023,147.8,146.0,155.15,146.0,155.15,155.15,151.34,"1,90,000","2,87,53,900.00",153,"1,78,000",93.68
INFINIUM,ST,19-04-2023,155.15,162.9,162.9,160.8,162.9,162.9,162.5,"50,000","81,24,950.00",50,"50,000",100.0
INFINIUM,ST,20-04-2023,162.9,171.0,171.0,171.0,171.0,171.0,171.0,"15,000","25,65,000.00",14,"15,000",100.0
INFINIUM,ST,21-04-2023,171.0,179.55,179.55,170.0,179.55,179.55,177.85,"1,09,000","1,93,85,200.00",97,"1,04,000",95.41
INFINIUM,ST,24-04-2023,179.55,188.5,188.5,188.0,188.5,188.5,188.44,"18,000","33,92,000.00",18,"18,000",100.0
INFINIUM,ST,25-04-2023,188.5,197.9,197.9,197.9,197.9,197.9,197.9,"13,000","25,72,700.00",11,"13,000",100.0
INFINIUM,ST,26-04-2023,197.9,207.75,207.75,188.0,188.0,188.0,197.89,"88,000","1,74,14,600.00",75,"86,000",97.73
INFINIUM,ST,27-04-2023,188.0,185.0,197.4,178.6,197.4,196.25,186.11,"1,02,000","1,89,83,250.00",90,"92,000",90.2
INFINIUM,ST,28-04-2023,196.25,206.0,206.05,196.1,206.05,204.1,203.28,"33,000","67,08,350.00",33,"30,000",90.91
INFINIUM,SM,02-05-2023,204.1,223.0,223.0,199.0,211.0,211.0,211.66,"23,000","48,68,150.00",23,"19,000",82.61
INFINIUM,SM,03-05-2023,211.0,213.0,213.0,200.0,202.5,203.65,204.2,"17,000","34,71,350.00",17,"10,000",58.82
INFINIUM,SM,04-05-2023,203.65,208.0,208.0,194.0,198.85,196.4,199.04,"12,000","23,88,500.00",12,"9,000",75.0
INFINIUM,SM,05-05-2023,196.4,196.4,198.0,192.5,192.5,192.5,194.97,"11,000","21,44,650.00",11,"9,000",81.82
INFINIUM,SM,08-05-2023,192.5,193.5,202.0,190.0,198.1,199.4,195.92,"23,000","45,06,250.00",22,"21,000",91.3
INFINIUM,SM,09-05-2023,199.4,200.0,219.3,200.0,219.3,219.2,213.33,"43,000","91,73,050.00",42,"31,000",72.09
INFINIUM,SM,10-05-2023,219.2,224.9,241.1,221.1,241.1,241.1,238.88,"1,25,000","2,98,59,500.00",101,"66,000",52.8
INFINIUM,SM,11-05-2023,241.1,249.2,264.0,242.0,248.0,248.0,254.61,"69,000","1,75,68,000.00",66,"43,000",62.32
INFINIUM,SM,12-05-2023,248.0,240.0,250.0,235.6,236.1,238.55,241.29,"43,000","1,03,75,300.00",43,"23,000",53.49
INFINIUM,SM,15-05-2023,238.55,235.0,240.0,234.0,239.95,239.95,237.49,"24,000","56,99,650.00",24,"17,000",70.83
INFINIUM,SM,16-05-2023,239.95,245.0,251.9,241.2,245.0,243.95,247.63,"65,000","1,60,95,650.00",57,"36,000",55.38
INFINIUM,SM,17-05-2023,243.95,242.1,256.1,234.0,256.1,255.55,245.73,"43,000","1,05,66,500.00",42,"26,000",60.47
INFINIUM,SM,18-05-2023,255.55,266.85,268.3,257.0,268.3,268.3,267.54,"32,000","85,61,200.00",32,"25,000",78.13
INFINIUM,SM,19-05-2023,268.3,281.7,281.7,281.7,281.7,281.7,281.7,"23,000","64,79,100.00",15,"23,000",100.0
INFINIUM,SM,22-05-2023,281.7,295.0,295.75,267.65,267.65,273.6,285.58,"1,47,000","4,19,79,600.00",125,"1,04,000",70.75
INFINIUM,SM,23-05-2023,273.6,264.1,287.0,259.95,284.9,277.85,268.58,"61,000","1,63,83,550.00",60,"44,000",72.13
INFINIUM,SM,24-05-2023,277.85,287.0,291.7,283.0,291.7,291.7,289.47,"49,000","1,41,83,800.00",34,"45,000",91.84
INFINIUM,SM,25-05-2023,291.7,298.0,298.0,283.0,283.0,284.2,286.91,"19,000","54,51,200.00",19,"16,000",84.21
INFINIUM,SM,26-05-2023,284.2,283.0,283.0,275.0,279.0,279.0,278.78,"9,000","25,09,000.00",9,"7,000",77.78
INFINIUM,SM,29-05-2023,279.0,279.0,284.5,265.2,269.0,267.15,273.36,"27,000","73,80,850.00",23,"23,000",85.19
INFINIUM,SM,30-05-2023,267.15,280.0,280.5,270.0,275.0,274.25,276.96,"29,000","80,31,700.00",24,"26,000",89.66
INFINIUM,SM,31-05-2023,274.25,281.0,281.0,270.0,277.0,277.0,275.71,"12,000","33,08,500.00",12,"8,000",66.67
INFINIUM,SM,01-06-2023,277.0,281.5,281.5,272.6,273.1,273.15,275.22,"11,000","30,27,450.00",11,"7,000",63.64
INFINIUM,SM,02-06-2023,273.15,283.5,283.5,276.0,281.4,280.75,279.77,"10,000","27,97,700.00",10,"5,000",50.0
INFINIUM,SM,05-06-2023,280.75,280.0,294.75,280.0,293.95,293.25,290.66,"26,000","75,57,150.00",24,"22,000",84.62
INFINIUM,SM,06-06-2023,293.25,299.0,302.0,285.5,299.0,297.15,292.28,"24,000","70,14,650.00",22,"15,000",62.5
INFINIUM,SM,07-06-2023,297.15,292.0,297.0,291.1,297.0,295.5,294.02,"11,000","32,34,200.00",10,"10,000",90.91
INFINIUM,SM,08-06-2023,295.5,305.0,307.0,291.6,295.0,295.0,300.76,"11,000","33,08,350.00",10,"9,000",81.82
INFINIUM,SM,09-06-2023,295.0,304.8,304.8,290.0,290.0,290.05,293.84,"14,000","41,13,700.00",14,"7,000",50.0
INFINIUM,SM,12-06-2023,290.05,294.5,294.5,280.0,280.0,281.15,282.69,"15,000","42,40,400.00",14,"9,000",60.0
INFINIUM,SM,13-06-2023,281.15,284.0,284.0,280.0,283.0,283.0,282.33,"3,000","8,47,000.00",3,"3,000",100.0
INFINIUM,SM,14-06-2023,283.0,283.0,283.0,262.25,265.75,268.85,270.95,"27,000","73,15,750.00",27,"19,000",70.37
INFINIUM,SM,15-06-2023,268.85,265.75,287.95,265.75,285.0,284.5,276.45,"27,000","74,64,050.00",25,"14,000",51.85
INFINIUM,SM,16-06-2023,284.5,279.0,287.0,279.0,279.25,279.8,280.79,"8,000","22,46,350.00",8,"6,000",75.0
INFINIUM,SM,19-06-2023,279.8,298.5,298.5,279.0,289.0,284.0,288.82,"16,000","46,21,100.00",7,"7,000",43.75
INFINIUM,SM,20-06-2023,284.0,289.0,289.0,287.0,287.4,287.4,288.28,"5,000","14,41,400.00",3,"4,000",80.0
INFINIUM,SM,21-06-2023,287.4,294.0,294.0,280.1,281.0,281.1,286.45,"12,000","34,37,350.00",10,"8,000",66.67
INFINIUM,SM,22-06-2023,281.1,281.1,307.45,281.1,288.0,286.5,291.73,"26,000","75,85,050.00",26,"19,000",73.08
INFINIUM,SM,23-06-2023,286.5,298.0,298.0,286.1,290.0,290.0,291.03,"4,000","11,64,100.00",4,"4,000",100.0
INFINIUM,SM,26-06-2023,290.0,298.8,298.8,293.0,293.0,293.0,295.9,"2,000","5,91,800.00",2,"1,000",50.0
INFINIUM,SM,27-06-2023,293.0,290.1,290.1,276.55,277.0,277.0,281.01,"9,000","25,29,100.00",9,"6,000",66.67
INFINIUM,SM,28-06-2023,277.0,286.0,286.0,277.0,277.5,277.5,279.43,"6,000","16,76,600.00",6,"5,000",83.33
INFINIUM,SM,30-06-2023,277.5,289.9,289.9,271.2,271.2,275.1,280.03,"3,000","8,40,100.00",3,"2,000",66.67
INFINIUM,SM,03-07-2023,275.1,271.0,279.0,271.0,271.0,271.5,275.29,"14,000","38,54,050.00",13,"8,000",57.14
INFINIUM,SM,04-07-2023,271.5,270.5,297.0,270.5,297.0,294.55,289.01,"31,000","89,59,350.00",28,"26,000",83.87
INFINIUM,SM,05-07-2023,294.55,297.0,304.0,289.2,293.85,292.25,294.22,"10,000","29,42,150.00",10,"7,000",70.0
INFINIUM,SM,06-07-2023,292.25,289.8,290.5,285.1,287.0,288.75,288.1,"4,000","11,52,400.00",4,"3,000",75.0
INFINIUM,SM,07-07-2023,288.75,296.5,296.5,283.0,285.0,285.0,286.59,"11,000","31,52,500.00",11,"11,000",100.0
INFINIUM,SM,10-07-2023,285.0,299.5,299.5,280.0,289.9,284.95,292.4,"6,000","17,54,400.00",6,"5,000",83.33
INFINIUM,SM,11-07-2023,284.95,276.0,278.0,260.0,269.05,270.05,271.37,"15,000","40,70,600.00",15,"9,000",60.0
INFINIUM,SM,12-07-2023,270.05,270.1,270.1,266.25,266.25,266.25,268.8,"3,000","8,06,400.00",3,"3,000",100.0
INFINIUM,SM,13-07-2023,266.25,279.5,279.5,272.0,278.95,278.95,276.82,"3,000","8,30,450.00",3,"3,000",100.0
INFINIUM,SM,14-07-2023,278.95,261.1,267.0,261.1,267.0,267.0,264.05,"2,000","5,28,100.00",2,"2,000",100.0
INFINIUM,SM,17-07-2023,267.0,270.0,279.45,270.0,279.45,279.4,277.53,"12,000","33,30,300.00",10,"8,000",66.67
INFINIUM,SM,18-07-2023,279.4,285.5,285.5,271.0,282.9,282.9,279.8,"3,000","8,39,400.00",3,"3,000",100.0
INFINIUM,SM,19-07-2023,282.9,275.0,280.9,275.0,280.9,280.9,277.95,"2,000","5,55,900.00",2,"2,000",100.0
INFINIUM,SM,20-07-2023,280.9,285.9,291.0,280.0,291.0,290.5,285.68,"17,000","48,56,550.00",17,"14,000",82.35
INFINIUM,SM,21-07-2023,290.5,292.9,296.0,292.9,294.5,294.5,294.58,"12,000","35,34,900.00",9,"10,000",83.33
INFINIUM,SM,24-07-2023,294.5,301.0,317.95,290.2,293.95,293.25,306.61,"65,000","1,99,29,650.00",61,"50,000",76.92
INFINIUM,SM,25-07-2023,293.25,295.0,308.0,295.0,307.9,306.6,302.29,"23,000","69,52,750.00",21,"20,000",86.96
INFINIUM,SM,26-07-2023,306.6,320.0,326.5,309.0,314.9,312.65,314.45,"20,000","62,88,900.00",20,"14,000",70.0
INFINIUM,SM,27-07-2023,312.65,320.0,327.8,318.0,324.3,322.7,321.71,"24,000","77,21,050.00",24,"17,000",70.83
INFINIUM,SM,28-07-2023,322.7,330.9,331.95,325.75,327.0,328.35,328.2,"12,000","39,38,450.00",12,"11,000",91.67
INFINIUM,SM,31-07-2023,328.35,335.9,335.9,325.0,335.5,335.5,333.15,"19,000","63,29,900.00",15,"17,000",89.47
INFINIUM,SM,01-08-2023,335.5,337.8,342.4,337.8,340.5,340.5,340.23,"3,000","10,20,700.00",3,"3,000",100.0
INFINIUM,SM,02-08-2023,340.5,340.6,360.5,340.0,358.0,357.6,349.37,"19,000","66,38,000.00",17,"16,000",84.21
INFINIUM,SM,03-08-2023,357.6,372.0,393.0,370.0,393.0,390.3,384.79,"46,000","1,77,00,400.00",41,"31,000",67.39
INFINIUM,SM,04-08-2023,390.3,409.9,429.3,409.9,429.3,429.25,426.65,"35,000","1,49,32,750.00",30,"22,000",62.86
INFINIUM,SM,07-08-2023,429.25,450.7,450.7,449.0,450.7,450.7,450.59,"21,000","94,62,300.00",20,"19,000",90.48
INFINIUM,SM,08-08-2023,450.7,471.95,471.95,428.2,430.9,430.85,447.44,"46,000","2,05,82,300.00",41,"38,000",82.61
INFINIUM,SM,09-08-2023,430.85,436.5,436.5,409.3,409.3,409.3,412.91,"11,000","45,42,050.00",11,"8,000",72.73
INFINIUM,SM,10-08-2023,409.3,397.0,411.0,388.85,393.05,399.05,398.48,"47,000","1,87,28,500.00",39,"30,000",63.83
INFINIUM,SM,11-08-2023,399.05,408.0,419.0,408.0,419.0,419.0,415.89,"15,000","62,38,350.00",15,"14,000",93.33
INFINIUM,SM,14-08-2023,419.0,439.8,439.95,420.5,439.95,439.7,437.92,"23,000","1,00,72,250.00",21,"20,000",86.96
INFINIUM,SM,16-08-2023,439.7,460.5,461.65,450.25,461.65,460.55,457.95,"14,000","64,11,350.00",14,"10,000",71.43
INFINIUM,SM,17-08-2023,460.55,463.8,483.55,462.0,475.0,480.5,477.17,"33,000","1,57,46,600.00",31,"20,000",60.61
INFINIUM,SM,18-08-2023,480.5,486.1,499.0,480.0,496.0,496.0,490.23,"16,000","78,43,650.00",14,"13,000",81.25
INFINIUM,SM,21-08-2023,496.0,500.0,502.0,495.0,495.0,495.0,499.5,"8,000","39,96,000.00",8,"7,000",87.5
INFINIUM,SM,22-08-2023,495.0,490.0,490.0,470.25,485.0,485.0,480.66,"11,000","52,87,300.00",11,"10,000",90.91
INFINIUM,SM,23-08-2023,485.0,488.0,488.0,460.75,474.5,464.25,467.46,"15,000","70,11,850.00",12,"10,000",66.67
INFINIUM,SM,24-08-2023,464.25,474.0,487.45,474.0,487.45,487.45,482.64,"17,000","82,04,950.00",17,"14,000",82.35
INFINIUM,SM,25-08-2023,487.45,507.0,511.8,507.0,511.8,511.8,509.17,"10,000","50,91,700.00",9,"6,000",60.0
INFINIUM,SM,28-08-2023,511.8,537.3,537.3,522.6,524.0,524.0,529.61,"7,000","37,07,250.00",7,"7,000",100.0
INFINIUM,SM,29-08-2023,524.0,537.0,543.0,526.2,527.0,527.0,535.4,"8,000","42,83,200.00",7,"6,000",75.0
INFINIUM,SM,30-08-2023,527.0,551.0,551.0,504.0,514.0,514.0,521.9,"10,000","52,19,000.00",10,"7,000",70.0
INFINIUM,SM,31-08-2023,514.0,527.5,530.0,520.0,529.85,529.85,526.38,"6,000","31,58,250.00",6,"4,000",66.67
INFINIUM,SM,01-09-2023,529.85,505.2,519.0,503.35,503.35,511.15,506.64,"6,000","30,39,850.00",6,"4,000",66.67
INFINIUM,SM,04-09-2023,511.15,488.55,524.0,488.55,524.0,524.0,500.37,"3,000","15,01,100.00",3,"3,000",100.0
INFINIUM,SM,05-09-2023,524.0,528.0,528.0,526.9,526.9,526.9,527.45,"2,000","10,54,900.00",2,"2,000",100.0
INFINIUM,SM,06-09-2023,526.9,517.0,517.0,500.55,500.55,500.55,504.26,"12,000","60,51,150.00",12,"10,000",83.33
INFINIUM,SM,07-09-2023,500.55,485.0,499.0,480.0,480.0,480.0,483.41,"9,000","43,50,700.00",9,"7,000",77.78
INFINIUM,SM,08-09-2023,480.0,480.0,497.0,470.0,471.0,471.0,479.75,"8,000","38,38,000.00",7,"7,000",87.5
INFINIUM,SM,11-09-2023,471.0,471.0,480.0,460.0,480.0,480.0,469.78,"13,000","61,07,150.00",13,"12,000",92.31
INFINIUM,SM,12-09-2023,480.0,494.0,495.0,494.0,495.0,495.0,494.5,"2,000","9,89,000.00",2,"2,000",100.0
INFINIUM,SM,13-09-2023,495.0,240.7,259.85,240.7,259.85,259.85,255.16,"28,000","71,44,500.00",11,"26,000",92.86
INFINIUM,SM,14-09-2023,259.85,272.8,272.8,272.8,272.8,272.8,272.8,"10,000","27,28,000.00",5,"10,000",100.0
INFINIUM,SM,15-09-2023,272.8,286.4,286.4,286.4,286.4,286.4,286.4,"8,000","22,91,200.00",4,"8,000",100.0
INFINIUM,SM,18-09-2023,286.4,300.7,300.7,300.7,300.7,300.7,300.7,"14,000","42,09,800.00",7,"14,000",100.0
INFINIUM,SM,20-09-2023,300.7,315.7,315.7,301.4,314.45,314.45,313.24,"14,000","43,85,400.00",7,"12,000",85.71
INFINIUM,SM,21-09-2023,314.45,311.8,314.0,298.75,298.75,302.35,304.51,"20,000","60,90,100.00",10,"20,000",100.0
INFINIUM,SM,22-09-2023,302.35,290.0,290.0,287.25,287.25,287.25,288.79,"8,000","23,10,300.00",4,"4,000",50.0
INFINIUM,SM,25-09-2023,287.25,289.0,300.7,289.0,295.0,297.85,292.12,"12,000","35,05,400.00",5,"12,000",100.0
INFINIUM,SM,26-09-2023,297.85,282.95,308.0,282.95,308.0,308.0,286.35,"16,000","45,81,600.00",8,"12,000",75.0
INFINIUM,SM,27-09-2023,308.0,292.6,292.6,292.6,292.6,292.6,292.6,"4,000","11,70,400.00",2,"4,000",100.0
INFINIUM,SM,28-09-2023,292.6,298.0,298.0,278.0,278.0,278.0,283.0,"8,000","22,64,000.00",4,"8,000",100.0
INFINIUM,SM,29-09-2023,278.0,264.1,264.2,264.1,264.1,264.1,264.11,"34,000","89,79,600.00",16,"32,000",94.12
INFINIUM,SM,03-10-2023,264.1,258.0,264.0,254.0,262.9,256.8,260.43,"34,000","88,54,500.00",15,"28,000",82.35
INFINIUM,SM,04-10-2023,256.8,260.0,260.0,244.0,255.9,255.9,248.65,"22,000","54,70,400.00",11,"22,000",100.0
INFINIUM,SM,05-10-2023,255.9,265.0,265.0,265.0,265.0,265.0,265.0,"2,000","5,30,000.00",1,"2,000",100.0
INFINIUM,SM,06-10-2023,265.0,268.0,268.0,261.0,261.0,261.0,264.75,"8,000","21,18,000.00",4,"6,000",75.0
INFINIUM,SM,09-10-2023,261.0,247.95,247.95,247.95,247.95,247.95,247.95,"12,000","29,75,400.00",6,"12,000",100.0
INFINIUM,SM,10-10-2023,247.95,258.0,258.0,250.0,250.0,252.45,254.56,"10,000","25,45,600.00",5,"10,000",100.0
INFINIUM,SM,12-10-2023,252.45,260.0,260.0,245.05,257.9,257.9,255.24,"12,000","30,62,900.00",6,"12,000",100.0
INFINIUM,SM,13-10-2023,257.9,246.1,250.0,245.0,245.0,245.35,246.19,"24,000","59,08,500.00",11,"20,000",83.33
INFINIUM,SM,16-10-2023,245.35,236.5,257.0,233.1,256.5,255.05,239.5,"1,24,000","2,96,98,500.00",39,"84,000",67.74
INFINIUM,SM,17-10-2023,255.05,253.9,265.0,253.9,255.15,256.35,256.41,"38,000","97,43,500.00",19,"30,000",78.95
INFINIUM,SM,18-10-2023,256.35,256.35,263.0,255.0,260.0,260.0,258.89,"14,000","36,24,500.00",7,"14,000",100.0
INFINIUM,SM,19-10-2023,260.0,249.0,251.0,247.0,247.0,247.0,248.0,"30,000","74,40,000.00",15,"28,000",93.33
INFINIUM,SM,20-10-2023,247.0,240.0,249.0,240.0,246.45,246.45,245.71,"10,000","24,57,100.00",5,"10,000",100.0
INFINIUM,SM,23-10-2023,246.45,252.0,252.0,250.0,250.0,250.0,251.5,"8,000","20,12,000.00",4,"6,000",75.0
INFINIUM,SM,25-10-2023,250.0,258.0,258.0,243.0,250.0,250.0,250.33,"6,000","15,02,000.00",3,"6,000",100.0
INFINIUM,SM,26-10-2023,250.0,258.0,260.8,258.0,258.0,258.0,258.93,"6,000","15,53,600.00",3,"6,000",100.0
INFINIUM,SM,27-10-2023,258.0,246.1,252.0,245.1,245.1,245.1,246.08,"22,000","54,13,700.00",11,"22,000",100.0
INFINIUM,SM,30-10-2023,245.1,241.1,254.9,241.1,250.0,251.0,248.91,"22,500","56,00,550.00",39,"19,000",84.44
INFINIUM,SM,31-10-2023,251.0,252.9,263.0,244.0,247.5,253.9,251.27,"24,000","60,30,475.00",40,"16,500",68.75
INFINIUM,SM,01-11-2023,253.9,264.5,264.5,255.0,260.0,260.0,259.91,"7,000","18,19,375.00",11,"7,000",100.0
INFINIUM,SM,02-11-2023,260.0,268.0,268.0,251.0,261.0,261.0,258.27,"11,000","28,40,975.00",22,"7,000",63.64
INFINIUM,SM,03-11-2023,261.0,265.7,265.7,252.0,252.0,255.65,256.21,"9,500","24,33,975.00",19,"7,500",78.95
INFINIUM,SM,06-11-2023,255.65,265.0,265.0,250.0,258.0,258.0,254.62,"7,000","17,82,350.00",12,"6,000",85.71
INFINIUM,SM,07-11-2023,258.0,257.35,257.35,245.1,247.5,247.3,247.3,"20,000","49,45,950.00",36,"14,000",70.0
INFINIUM,SM,08-11-2023,247.3,240.0,254.0,238.35,250.8,247.4,244.34,"8,000","19,54,700.00",16,"6,500",81.25
INFINIUM,SM,09-11-2023,247.4,251.0,251.95,238.05,246.4,246.4,242.79,"10,000","24,27,850.00",17,"6,000",60.0
INFINIUM,SM,10-11-2023,246.4,248.7,253.25,244.0,248.5,248.75,247.99,"7,000","17,35,950.00",13,"5,500",78.57
INFINIUM,SM,12-11-2023,248.75,250.0,250.0,244.1,249.8,247.95,248.48,"2,000","4,96,950.00",4,"1,500",75.0
INFINIUM,SM,13-11-2023,247.95,243.0,249.0,242.5,246.0,246.35,244.81,"4,500","11,01,625.00",9,"4,500",100.0
INFINIUM,SM,15-11-2023,246.35,246.0,247.5,246.0,247.0,247.0,246.36,"3,500","8,62,250.00",6,"3,500",100.0
INFINIUM,SM,16-11-2023,247.0,255.0,255.0,240.0,241.0,245.8,246.29,"7,000","17,24,025.00",11,"5,500",78.57
INFINIUM,SM,17-11-2023,245.8,246.0,246.0,238.2,244.0,244.0,242.04,"5,500","13,31,225.00",8,"5,000",90.91
INFINIUM,SM,20-11-2023,244.0,248.0,256.2,236.0,256.2,254.7,251.32,"45,000","1,13,09,600.00",49,"40,000",88.89
INFINIUM,SM,21-11-2023,254.7,246.15,251.0,245.0,249.0,246.3,247.27,"7,000","17,30,875.00",14,"5,000",71.43
INFINIUM,SM,22-11-2023,246.3,250.9,250.9,241.0,250.0,250.0,245.58,"9,000","22,10,175.00",16,"7,000",77.78
INFINIUM,SM,23-11-2023,250.0,254.0,254.0,245.0,245.0,245.0,249.14,"5,500","13,70,250.00",11,"3,500",63.64
INFINIUM,SM,24-11-2023,245.0,244.0,244.0,243.0,243.0,243.65,243.67,"1,500","3,65,500.00",2,"1,500",100.0
INFINIUM,SM,28-11-2023,243.65,248.0,248.0,241.0,241.0,241.0,243.32,"5,000","12,16,575.00",10,"5,000",100.0
INFINIUM,SM,29-11-2023,241.0,251.4,251.4,242.0,247.2,247.2,246.3,"3,000","7,38,900.00",5,"3,000",100.0
INFINIUM,SM,30-11-2023,247.2,258.85,258.85,245.0,252.5,252.5,251.02,"9,000","22,59,175.00",16,"8,000",88.89
INFINIUM,SM,01-12-2023,252.5,254.0,254.0,247.0,248.5,248.5,249.04,"4,000","9,96,150.00",8,"3,000",75.0
INFINIUM,SM,04-12-2023,248.5,248.0,249.0,241.0,241.0,242.9,245.22,"6,500","15,93,900.00",11,"5,500",84.62
INFINIUM,SM,05-12-2023,242.9,249.85,249.85,241.05,245.9,245.9,244.6,"11,000","26,90,575.00",21,"6,000",54.55
INFINIUM,SM,06-12-2023,245.9,247.0,248.8,241.95,246.5,243.65,243.93,"17,000","41,46,875.00",30,"14,500",85.29
INFINIUM,SM,07-12-2023,243.65,244.0,247.5,243.15,247.5,245.3,245.45,"5,500","13,49,975.00",9,"5,500",100.0
INFINIUM,SM,08-12-2023,245.3,262.0,262.0,244.0,248.0,245.55,248.92,"5,000","12,44,600.00",9,"5,000",100.0
INFINIUM,SM,11-12-2023,245.55,248.5,248.5,244.95,244.95,244.95,245.85,"2,000","4,91,700.00",3,"2,000",100.0
INFINIUM,SM,12-12-2023,244.95,248.0,248.0,240.0,243.9,243.9,243.3,"10,500","25,54,650.00",15,"10,500",100.0
INFINIUM,SM,13-12-2023,243.9,248.0,248.0,240.1,242.45,241.85,241.4,"35,500","85,69,725.00",34,"16,500",46.48
INFINIUM,SM,14-12-2023,241.85,247.5,247.5,239.0,243.2,240.65,242.96,"22,000","53,45,075.00",26,"16,000",72.73
INFINIUM,SM,15-12-2023,240.65,247.5,247.5,232.1,241.8,241.8,241.24,"27,000","65,13,600.00",27,"22,500",83.33
INFINIUM,SM,18-12-2023,241.8,240.0,241.9,236.0,238.5,238.6,239.39,"12,000","28,72,650.00",24,"10,000",83.33
INFINIUM,SM,19-12-2023,238.6,244.8,244.8,231.0,239.5,239.25,236.08,"14,500","34,23,200.00",22,"14,000",96.55
INFINIUM,SM,20-12-2023,239.25,243.5,243.5,222.15,230.95,227.7,232.92,"15,000","34,93,800.00",23,"10,000",66.67
INFINIUM,SM,21-12-2023,227.7,244.0,244.0,223.05,244.0,241.55,236.76,"8,500","20,12,425.00",17,"7,500",88.24
INFINIUM,SM,22-12-2023,241.55,248.0,248.0,238.1,238.1,241.35,243.17,"3,000","7,29,500.00",6,"2,000",66.67
INFINIUM,SM,26-12-2023,241.35,247.5,247.5,230.05,235.3,235.3,236.15,"5,500","12,98,825.00",10,"5,000",90.91
INFINIUM,SM,27-12-2023,235.3,247.0,247.0,232.55,237.0,237.0,234.32,"6,000","14,05,925.00",10,"5,000",83.33
INFINIUM,SM,28-12-2023,237.0,236.9,236.9,222.65,230.0,230.0,230.79,"9,000","20,77,075.00",15,"7,000",77.78
INFINIUM,SM,29-12-2023,230.0,234.95,242.0,234.95,235.0,235.0,237.43,"7,000","16,61,975.00",13,"5,500",78.57
INFINIUM,SM,01-01-2024,235.0,244.1,244.1,225.0,228.5,229.25,229.75,"8,500","19,52,900.00",16,"5,500",64.71
INFINIUM,SM,02-01-2024,229.25,234.95,234.95,225.0,225.0,225.0,226.68,"7,500","17,00,100.00",10,"7,000",93.33
INFINIUM,SM,03-01-2024,225.0,234.95,234.95,225.15,231.0,231.0,230.19,"2,500","5,75,475.00",5,"1,500",60.00
INFINIUM,SM,04-01-2024,231.0,239.1,239.1,225.15,228.0,228.55,231.15,"4,500","10,40,175.00",8,"3,500",77.78
INFINIUM,SM,05-01-2024,228.55,234.8,234.8,222.5,226.0,226.0,226.95,"18,500","41,98,575.00",27,"15,000",81.08
INFINIUM,SM,08-01-2024,226.0,220.0,244.8,220.0,220.0,220.9,223.07,"16,500","36,80,725.00",25,"15,000",90.91
INFINIUM,SM,09-01-2024,220.9,227.85,232.85,223.0,225.5,225.5,228.28,"6,500","14,83,800.00",12,"5,000",76.92
INFINIUM,SM,10-01-2024,225.5,225.5,229.25,221.55,224.95,224.95,225.1,"4,000","9,00,400.00",8,"3,000",75.00
INFINIUM,SM,11-01-2024,224.95,234.0,234.0,222.5,229.0,226.0,226.84,"6,000","13,61,025.00",12,"5,000",83.33
INFINIUM,SM,12-01-2024,226.0,225.75,248.6,223.65,248.6,237.15,234.34,"21,500","50,38,250.00",32,"19,500",90.70
INFINIUM,SM,15-01-2024,237.15,241.0,247.8,239.0,241.0,241.25,243.5,"16,000","38,96,075.00",28,"13,000",81.25
INFINIUM,SM,16-01-2024,241.25,250.0,250.0,236.0,236.0,237.25,240.02,"9,500","22,80,225.00",17,"8,500",89.47
INFINIUM,SM,17-01-2024,237.25,241.5,243.95,230.0,237.0,237.0,236.07,"9,000","21,24,650.00",11,"8,000",88.89
INFINIUM,SM,18-01-2024,237.0,248.1,248.1,232.0,238.5,238.5,239.53,"1,500","3,59,300.00",3,"1,500",100.00
INFINIUM,SM,19-01-2024,238.5,241.7,241.7,233.5,233.5,233.5,236.62,"3,000","7,09,850.00",6,"3,000",100.00
INFINIUM,SM,20-01-2024,233.5,232.0,237.55,232.0,237.55,237.55,234.78,"1,000","2,34,775.00",2,"1,000",100.00
INFINIUM,SM,23-01-2024,237.55,248.1,248.1,231.0,237.7,237.7,236.88,"3,000","7,10,650.00",6,"3,000",100.00
INFINIUM,SM,24-01-2024,237.7,237.7,241.1,232.0,238.5,236.8,235.8,"7,000","16,50,600.00",7,"7,000",100.00
INFINIUM,SM,25-01-2024,236.8,245.0,245.0,230.0,238.4,238.4,234.88,"4,000","9,39,500.00",8,"4,000",100.00
INFINIUM,SM,29-01-2024,238.4,246.0,246.0,238.0,238.0,238.0,239.8,"3,000","7,19,400.00",6,"3,000",100.00
INFINIUM,SM,30-01-2024,238.0,242.8,243.0,232.0,232.0,232.05,236.13,"4,000","9,44,500.00",7,"3,500",87.50
INFINIUM,SM,31-01-2024,232.05,247.1,247.1,231.0,233.8,231.95,236.8,"5,500","13,02,425.00",11,"4,000",72.73
INFINIUM,SM,01-02-2024,231.95,243.0,243.0,231.0,231.0,231.0,237.67,"1,500","3,56,500.00",3,"1,500",100.00
INFINIUM,SM,02-02-2024,231.0,235.0,235.0,226.0,229.9,229.9,230.18,"2,500","5,75,450.00",5,"2,000",80.00
INFINIUM,SM,05-02-2024,229.9,237.0,237.0,225.0,232.5,232.5,228.92,"6,500","14,88,000.00",10,"6,500",100.00
INFINIUM,SM,06-02-2024,232.5,236.0,236.0,223.0,229.0,229.0,226.37,"7,500","16,97,800.00",12,"7,000",93.33
INFINIUM,SM,07-02-2024,229.0,238.0,273.0,228.0,250.0,247.9,243.6,"24,000","58,46,400.00",44,"19,000",79.17
INFINIUM,SM,08-02-2024,247.9,258.0,258.0,238.0,241.5,240.8,242.74,"8,000","19,41,950.00",11,"7,500",93.75
INFINIUM,SM,09-02-2024,240.8,246.0,246.0,239.0,239.0,239.5,241.12,"6,000","14,46,725.00",12,"5,500",91.67
INFINIUM,SM,12-02-2024,239.5,248.0,248.0,236.0,238.5,238.5,238.92,"6,000","14,33,500.00",12,"6,000",100.00
INFINIUM,SM,13-02-2024,238.5,249.75,249.75,235.0,235.0,235.0,238.32,"4,500","10,72,425.00",9,"4,500",100.00
INFINIUM,SM,14-02-2024,235.0,242.5,242.5,240.0,240.0,240.0,240.9,"2,500","6,02,250.00",5,"2,500",100.00
INFINIUM,SM,15-02-2024,240.0,252.9,252.9,228.0,244.0,245.65,236.94,"7,000","16,58,600.00",14,"5,000",71.43
INFINIUM,SM,16-02-2024,245.65,247.5,247.5,235.0,242.0,242.0,240.02,"5,500","13,20,100.00",11,"5,000",90.91
INFINIUM,SM,19-02-2024,242.0,241.5,241.5,240.0,240.0,240.6,240.81,"2,000","4,81,625.00",4,"2,000",100.00
INFINIUM,SM,20-02-2024,240.6,240.6,248.7,235.0,235.0,235.0,239.58,"4,500","10,78,125.00",8,"4,500",100.00
INFINIUM,SM,21-02-2024,235.0,245.9,245.9,235.0,237.8,236.9,237.55,"7,000","16,62,850.00",10,"7,000",100.00
INFINIUM,SM,22-02-2024,236.9,233.0,237.0,231.0,231.0,231.0,233.67,"11,500","26,87,250.00",13,"11,500",100.00
INFINIUM,SM,23-02-2024,231.0,235.0,242.0,235.0,235.0,238.5,236.44,"4,000","9,45,750.00",8,"4,000",100.00
INFINIUM,SM,26-02-2024,238.5,242.0,242.0,231.0,231.0,231.0,236.5,"2,000","4,73,000.00",4,"2,000",100.00
INFINIUM,SM,27-02-2024,231.0,236.0,236.0,235.0,235.0,235.0,235.33,"1,500","3,53,000.00",3,"1,000",66.67
INFINIUM,SM,28-02-2024,235.0,229.0,235.0,225.0,234.0,234.0,229.18,"4,500","10,31,300.00",9,"3,500",77.78
INFINIUM,SM,29-02-2024,234.0,233.0,240.95,214.0,240.9,236.3,229.24,"11,500","26,36,225.00",18,"9,500",82.61
INFINIUM,SM,01-03-2024,236.3,240.0,240.0,228.45,234.8,233.9,231.26,"6,000","13,87,575.00",9,"5,500",91.67
INFINIUM,SM,02-03-2024,233.9,243.9,243.9,230.0,238.0,231.6,233.65,"3,000","7,00,950.00",3,"3,000",100.00
INFINIUM,SM,04-03-2024,231.6,237.85,237.85,230.5,230.5,233.45,232.86,"4,000","9,31,425.00",7,"3,500",87.50
INFINIUM,SM,05-03-2024,233.45,235.0,246.0,230.5,243.15,238.6,236.14,"9,500","22,43,350.00",19,"9,000",94.74
INFINIUM,SM,06-03-2024,238.6,232.1,232.1,220.0,229.5,225.25,227.7,"11,000","25,04,650.00",18,"10,500",95.45
INFINIUM,SM,07-03-2024,225.25,237.0,237.0,237.0,237.0,237.0,237.0,500,"1,18,500.00",1,500,100.00
INFINIUM,SM,11-03-2024,237.0,236.0,269.0,227.1,239.0,239.0,238.01,"10,000","23,80,100.00",16,"10,000",100.00
INFINIUM,SM,12-03-2024,239.0,232.0,235.0,228.0,235.0,232.5,230.23,"4,500","10,36,025.00",9,"4,500",100.00
INFINIUM,SM,13-03-2024,232.5,225.0,231.95,218.4,231.95,230.45,223.91,"4,000","8,95,625.00",8,"3,500",87.50
INFINIUM,SM,14-03-2024,230.45,230.0,238.95,200.0,230.0,213.0,218.14,"20,000","43,62,825.00",38,"13,500",67.50
INFINIUM,SM,15-03-2024,213.0,241.0,241.0,220.0,227.0,224.5,224.0,"7,500","16,80,000.00",8,"7,500",100.00
INFINIUM,SM,18-03-2024,224.5,240.0,241.0,225.15,235.2,235.2,231.97,"11,000","25,51,650.00",17,"9,500",86.36
INFINIUM,SM,20-03-2024,235.2,235.0,239.0,225.0,232.0,227.2,230.24,"8,500","19,57,000.00",12,"6,000",70.59
INFINIUM,SM,21-03-2024,227.2,236.6,236.6,228.5,228.5,228.65,232.23,"3,500","8,12,800.00",6,"3,000",85.71
INFINIUM,SM,22-03-2024,228.65,225.0,231.0,222.0,230.4,230.4,227.1,"2,000","4,54,200.00",4,"2,000",100.00
INFINIUM,SM,26-03-2024,230.4,221.0,232.0,221.0,232.0,232.0,226.5,"3,000","6,79,500.00",2,-,-
INFINIUM,SM,28-03-2024,232.0,227.0,229.0,227.0,229.0,229.0,228.33,"1,500","3,42,500.00",2,"1,500",100.00
INFINIUM,SM,01-04-2024,229.0,225.0,227.5,224.5,227.5,227.5,225.16,"4,000","9,00,650.00",6,"4,000",100.00
INFINIUM,SM,02-04-2024,227.5,220.0,228.5,220.0,227.75,227.75,225.99,"2,000","4,51,975.00",4,"1,500",75.00
INFINIUM,SM,03-04-2024,227.75,227.7,227.7,218.0,225.5,221.05,221.81,"4,500","9,98,125.00",8,"4,000",88.89
INFINIUM,SM,04-04-2024,221.05,227.0,227.0,218.4,226.95,226.95,225.49,"9,000","20,29,425.00",10,"8,000",88.89
INFINIUM,SM,05-04-2024,226.95,226.0,226.0,226.0,226.0,226.0,226.0,500,"1,13,000.00",1,500,100.00
INFINIUM,SM,08-04-2024,226.0,220.0,226.0,209.3,220.0,220.0,218.66,"11,000","24,05,275.00",16,"9,500",86.36
INFINIUM,SM,09-04-2024,220.0,225.85,225.85,225.85,225.85,225.85,225.85,500,"1,12,925.00",1,500,100.00
INFINIUM,SM,10-04-2024,225.85,228.0,228.0,222.9,222.9,222.9,224.38,"4,000","8,97,525.00",4,"4,000",100.00
INFINIUM,SM,12-04-2024,222.9,227.0,227.0,220.5,226.0,226.0,222.5,"3,500","7,78,750.00",4,"3,000",85.71
INFINIUM,SM,15-04-2024,226.0,227.0,227.0,227.0,227.0,227.0,227.0,500,"1,13,500.00",1,500,100.00
INFINIUM,SM,18-04-2024,227.0,220.0,226.0,218.5,226.0,226.0,222.03,"6,500","14,43,175.00",13,"5,000",76.92
INFINIUM,SM,19-04-2024,226.0,220.0,220.0,220.0,220.0,220.0,220.0,"1,000","2,20,000.00",2,"1,000",100.00
INFINIUM,SM,22-04-2024,220.0,228.0,228.0,224.0,224.0,224.0,225.83,"3,000","6,77,500.00",4,"3,000",100.00
INFINIUM,SM,23-04-2024,224.0,224.0,224.0,214.0,219.9,218.45,220.61,"4,000","8,82,450.00",8,"3,500",87.50
INFINIUM,SM,24-04-2024,218.45,224.5,224.5,215.0,221.5,218.8,219.77,"4,500","9,88,950.00",9,"4,000",88.89
INFINIUM,SM,25-04-2024,218.8,221.5,222.5,216.5,219.95,219.7,219.88,"7,000","15,39,175.00",12,"5,500",78.57
INFINIUM,SM,26-04-2024,219.7,224.85,224.85,217.0,218.8,218.8,219.11,"6,500","14,24,225.00",12,"5,000",76.92
INFINIUM,SM,29-04-2024,218.8,214.25,221.9,214.0,216.0,217.9,217.12,"10,000","21,71,150.00",17,"7,500",75.00
INFINIUM,SM,30-04-2024,217.9,228.8,228.8,214.0,220.0,220.0,218.84,"6,500","14,22,475.00",13,"5,500",84.62
INFINIUM,SM,02-05-2024,220.0,222.8,222.8,216.25,220.6,220.6,219.55,"2,500","5,48,875.00",5,"2,500",100.00
INFINIUM,SM,03-05-2024,220.6,220.8,220.8,217.0,219.5,219.5,218.79,"4,000","8,75,175.00",8,"3,000",75.00
INFINIUM,SM,06-05-2024,219.5,212.0,218.0,212.0,212.0,212.0,215.06,"3,500","7,52,725.00",7,"2,500",71.43
INFINIUM,SM,07-05-2024,212.0,221.0,252.0,221.0,223.0,223.0,229.12,"4,500","10,31,025.00",9,"4,500",100.00
INFINIUM,SM,08-05-2024,223.0,234.0,234.0,219.5,225.0,225.0,226.17,"1,500","3,39,250.00",3,"1,500",100.00
INFINIUM,SM,09-05-2024,225.0,228.0,228.0,219.9,220.0,219.95,221.55,"2,500","5,53,875.00",5,"2,000",80.00
INFINIUM,SM,10-05-2024,219.95,227.0,227.0,210.05,223.9,223.9,220.33,"3,000","6,60,975.00",6,"2,000",66.67
INFINIUM,SM,13-05-2024,223.9,212.0,223.0,212.0,218.25,218.25,216.46,"6,500","14,07,000.00",13,"5,500",84.62
INFINIUM,SM,14-05-2024,218.25,220.5,222.5,219.0,222.5,222.5,220.6,"2,500","5,51,500.00",5,"2,000",80.00
INFINIUM,SM,15-05-2024,222.5,223.5,223.5,217.0,217.0,218.4,219.48,"5,000","10,97,400.00",10,"3,500",70.00
INFINIUM,SM,16-05-2024,218.4,221.0,221.0,218.0,221.0,221.0,219.5,"2,000","4,39,000.00",3,"2,000",100.00
INFINIUM,SM,17-05-2024,221.0,221.5,221.5,212.0,217.0,217.0,216.07,"7,500","16,20,550.00",13,"5,500",73.33
INFINIUM,SM,18-05-2024,217.0,225.0,225.0,221.5,221.5,221.5,223.83,"1,500","3,35,750.00",3,"1,500",100.00
INFINIUM,SM,21-05-2024,221.5,228.0,228.0,215.0,215.0,215.0,220.1,"2,500","5,50,250.00",5,"2,500",100.00
INFINIUM,SM,22-05-2024,215.0,225.0,225.0,217.1,220.0,218.6,219.67,"6,500","14,27,875.00",12,"5,000",76.92
INFINIUM,SM,23-05-2024,218.6,219.0,225.5,216.05,222.0,221.35,221.33,"8,000","17,70,675.00",14,"7,000",87.50
INFINIUM,SM,24-05-2024,221.35,226.0,226.0,226.0,226.0,226.0,226.0,500,"1,13,000.00",1,500,100.00
INFINIUM,SM,27-05-2024,226.0,224.0,224.0,217.1,220.0,218.8,220.41,"7,500","16,53,100.00",15,"6,000",80.00
INFINIUM,SM,28-05-2024,218.8,223.5,223.5,214.5,222.0,222.0,220.64,"8,000","17,65,125.00",8,"7,000",87.50
INFINIUM,SM,29-05-2024,222.0,221.5,221.5,214.0,220.0,220.0,217.88,"7,000","15,25,125.00",14,"5,500",78.57
INFINIUM,SM,30-05-2024,220.0,264.0,264.0,225.0,225.0,225.0,238.26,"27,000","64,33,100.00",49,"18,000",66.67
INFINIUM,SM,31-05-2024,225.0,239.0,239.0,213.5,222.0,217.75,223.41,"10,000","22,34,075.00",16,"8,500",85.00
INFINIUM,SM,03-06-2024,217.75,225.0,225.0,218.0,223.9,223.9,222.7,"23,000","51,22,200.00",30,"14,000",60.87
INFINIUM,SM,04-06-2024,223.9,229.0,229.0,210.0,214.0,214.5,221.12,"28,500","63,02,050.00",49,"17,500",61.40
INFINIUM,SM,05-06-2024,214.5,227.0,227.0,214.0,219.75,217.9,217.63,"26,500","57,67,300.00",32,"18,000",67.92
INFINIUM,SM,06-06-2024,217.9,219.0,223.0,219.0,220.0,220.0,220.38,"13,000","28,64,950.00",25,"6,000",46.15
INFINIUM,SM,07-06-2024,220.0,222.1,229.0,212.0,229.0,224.45,222.06,"25,500","56,62,575.00",36,"17,000",66.67
INFINIUM,SM,10-06-2024,224.45,225.0,225.0,220.0,223.0,223.0,223.13,"24,500","54,66,700.00",33,"13,500",55.10
INFINIUM,SM,11-06-2024,223.0,211.0,230.0,211.0,228.0,227.55,226.15,"26,500","59,92,975.00",28,"19,500",73.58
INFINIUM,SM,12-06-2024,227.55,230.0,232.0,226.05,230.0,229.75,229.19,"36,000","82,50,925.00",59,"25,500",70.83
INFINIUM,SM,13-06-2024,229.75,229.75,229.75,222.0,228.0,227.05,227.04,"33,000","74,92,425.00",40,"21,000",63.64
INFINIUM,SM,14-06-2024,227.05,227.05,231.0,224.6,225.5,225.5,227.23,"18,000","40,90,075.00",30,"11,000",61.11
INFINIUM,SM,18-06-2024,225.5,229.0,229.5,215.5,221.5,218.85,223.59,"28,500","63,72,400.00",47,"19,500",68.42
INFINIUM,SM,19-06-2024,218.85,218.85,221.5,216.0,220.0,220.25,219.51,"26,000","57,07,325.00",49,"15,000",57.69
INFINIUM,SM,20-06-2024,220.25,221.0,223.5,211.1,215.0,215.0,219.04,"28,000","61,33,100.00",50,"16,000",57.14
INFINIUM,SM,21-06-2024,215.0,223.0,223.0,209.0,215.9,214.75,216.64,"32,500","70,40,700.00",54,"21,000",64.62
INFINIUM,SM,24-06-2024,214.75,210.45,229.0,210.0,229.0,224.55,217.86,"53,500","1,16,55,350.00",91,"32,500",60.75
INFINIUM,SM,25-06-2024,224.55,229.0,229.0,223.1,227.75,227.45,226.96,"19,500","44,25,800.00",30,"9,500",48.72
INFINIUM,SM,26-06-2024,227.45,224.0,225.8,220.0,224.5,224.85,222.45,"18,000","40,04,075.00",30,"6,000",33.33
INFINIUM,SM,27-06-2024,224.85,224.85,227.5,222.2,225.0,226.5,224.94,"13,500","30,36,750.00",17,"3,000",22.22
INFINIUM,SM,28-06-2024,226.5,220.5,225.5,219.5,219.6,222.05,223.82,"28,500","63,78,775.00",30,"18,000",63.16
INFINIUM,SM,01-07-2024,222.05,231.0,231.0,220.0,222.55,222.15,222.12,"15,000","33,31,750.00",25,"4,000",26.67
INFINIUM,SM,02-07-2024,222.15,227.0,227.0,218.0,223.0,222.5,223.46,"43,000","96,08,725.00",53,"28,000",65.12
INFINIUM,SM,03-07-2024,222.5,228.0,228.0,218.0,219.1,221.3,221.67,"18,500","41,00,975.00",28,"8,000",43.24
INFINIUM,SM,04-07-2024,221.3,215.35,228.5,215.35,227.0,226.45,224.64,"46,000","1,03,33,350.00",59,"27,500",59.78
INFINIUM,SM,05-07-2024,226.45,233.5,233.5,226.0,229.0,229.2,229.02,"27,000","61,83,450.00",42,"14,500",53.70
INFINIUM,SM,08-07-2024,229.2,260.0,260.0,227.0,238.5,236.25,236.94,"22,500","53,31,075.00",39,"11,000",48.89
INFINIUM,SM,09-07-2024,236.25,238.5,239.5,232.2,238.35,237.05,237.11,"39,000","92,47,250.00",65,"20,500",52.56
INFINIUM,SM,10-07-2024,237.05,240.0,240.0,222.05,231.7,234.95,233.36,"51,000","1,19,01,525.00",75,"23,000",45.10
INFINIUM,SM,11-07-2024,234.95,234.8,237.15,232.0,235.0,234.7,235.11,"23,000","54,07,450.00",31,"10,000",43.48
INFINIUM,SM,12-07-2024,234.7,233.8,235.0,230.1,231.5,231.5,233.44,"10,500","24,51,075.00",18,"4,000",38.10
INFINIUM,SM,15-07-2024,231.5,234.0,235.9,232.5,233.1,233.5,233.3,"14,500","33,82,800.00",29,"4,000",27.59
INFINIUM,SM,16-07-2024,233.5,234.2,234.5,222.0,230.0,228.05,229.47,"22,500","51,63,100.00",45,"13,000",57.78
INFINIUM,SM,18-07-2024,228.05,228.95,230.7,225.0,226.4,226.95,227.5,"8,500","19,33,775.00",17,"5,000",58.82
INFINIUM,SM,19-07-2024,226.95,225.0,229.5,224.6,225.15,227.15,227.3,"6,500","14,77,475.00",11,"4,500",69.23
INFINIUM,SM,22-07-2024,227.15,233.0,233.0,211.25,229.0,225.4,222.91,"15,000","33,43,700.00",30,"11,000",73.33
INFINIUM,SM,23-07-2024,225.4,227.0,227.9,221.6,224.5,222.95,225.21,"15,000","33,78,150.00",23,"6,500",43.33
INFINIUM,SM,24-07-2024,222.95,222.95,225.75,220.6,223.3,223.3,224.33,"9,500","21,31,175.00",13,"2,500",26.32
INFINIUM,SM,25-07-2024,223.3,222.0,223.0,218.0,222.25,220.75,221.57,"13,000","28,80,375.00",18,"5,500",42.31
INFINIUM,SM,26-07-2024,220.75,222.0,227.0,217.1,221.0,218.8,221.91,"16,000","35,50,500.00",27,"5,000",31.25
INFINIUM,SM,29-07-2024,218.8,218.8,221.9,212.0,218.7,214.8,218.11,"17,000","37,07,900.00",28,"11,000",64.71
INFINIUM,SM,30-07-2024,214.8,217.0,217.75,209.0,212.25,211.5,213.02,"23,500","50,06,050.00",40,"16,000",68.09
INFINIUM,SM,31-07-2024,211.5,220.0,220.0,198.0,203.0,201.85,203.92,"24,500","49,96,025.00",42,"14,000",57.14
INFINIUM,SM,01-08-2024,201.85,203.0,203.0,190.0,194.75,192.75,194.78,"44,000","85,70,425.00",73,"32,000",72.73
INFINIUM,SM,02-08-2024,192.75,195.65,196.0,178.05,182.0,183.05,187.7,"30,500","57,24,725.00",59,"24,000",78.69
INFINIUM,SM,05-08-2024,183.05,183.0,202.0,183.0,198.0,198.0,193.65,"16,500","31,95,300.00",33,"12,500",75.76
INFINIUM,SM,06-08-2024,198.0,202.0,202.0,191.6,201.0,201.0,196.11,"6,000","11,76,675.00",10,"4,500",75.00
INFINIUM,SM,07-08-2024,201.0,194.45,199.0,194.45,196.0,196.75,197.23,"7,000","13,80,575.00",14,"4,500",64.29
INFINIUM,SM,08-08-2024,196.75,197.0,198.5,193.25,198.5,195.95,195.63,"12,500","24,45,350.00",20,"10,000",80.00
INFINIUM,SM,09-08-2024,195.95,194.0,195.0,185.0,188.1,189.05,188.95,"11,500","21,72,875.00",21,"9,500",82.61
INFINIUM,SM,12-08-2024,189.05,191.0,198.0,190.0,196.5,195.25,194.38,"4,000","7,77,500.00",8,"3,500",87.50
INFINIUM,SM,13-08-2024,195.25,199.9,199.9,190.0,197.0,193.5,195.47,"4,500","8,79,600.00",9,"3,500",77.78
INFINIUM,SM,14-08-2024,193.5,197.0,197.0,191.3,191.3,191.3,195.22,"3,000","5,85,650.00",6,"2,500",83.33
INFINIUM,SM,16-08-2024,191.3,191.5,194.0,191.5,194.0,192.7,192.44,"3,500","6,73,550.00",7,"2,000",57.14
INFINIUM,SM,19-08-2024,192.7,194.75,198.7,194.55,194.6,195.85,195.96,"4,000","7,83,850.00",8,"2,500",62.50
INFINIUM,SM,20-08-2024,195.85,195.85,197.85,195.85,197.0,197.0,197.21,"4,000","7,88,850.00",6,"4,000",100.00
INFINIUM,SM,21-08-2024,197.0,196.0,199.5,187.05,196.95,191.75,195.43,"11,000","21,49,750.00",22,"8,500",77.27
INFINIUM,SM,22-08-2024,191.75,193.5,196.7,191.1,191.1,191.3,192.83,"6,000","11,56,950.00",12,"4,500",75.00
INFINIUM,SM,23-08-2024,191.3,191.5,195.7,191.5,194.0,194.0,194.01,"2,000","3,88,025.00",4,"1,500",75.00
INFINIUM,SM,26-08-2024,194.0,194.5,194.5,192.6,194.5,193.95,193.99,"5,000","9,69,950.00",9,"5,000",100.00
INFINIUM,SM,27-08-2024,193.95,193.9,194.0,191.1,194.0,193.2,192.99,"3,500","6,75,450.00",5,"3,000",85.71
INFINIUM,SM,28-08-2024,193.2,190.3,196.5,190.0,196.5,194.8,193.17,"7,500","14,48,775.00",13,"5,500",73.33
INFINIUM,SM,29-08-2024,194.8,194.8,196.9,192.0,196.9,196.7,194.89,"6,500","12,66,775.00",13,"4,500",69.23
INFINIUM,SM,30-08-2024,196.7,196.55,196.85,192.1,196.7,195.85,193.83,"9,500","18,41,350.00",18,"6,000",63.16
INFINIUM,SM,02-09-2024,195.85,204.0,204.0,192.2,194.5,194.15,196.21,"4,000","7,84,850.00",7,"3,500",87.50
INFINIUM,SM,03-09-2024,194.15,194.5,194.5,190.1,192.0,192.0,192.48,"5,500","10,58,650.00",10,"4,000",72.73
INFINIUM,SM,04-09-2024,192.0,190.0,198.5,189.0,195.4,195.4,192.07,"7,500","14,40,525.00",13,"6,500",86.67
INFINIUM,SM,05-09-2024,195.4,194.5,194.5,190.5,194.5,193.0,192.35,"11,000","21,15,875.00",12,"11,000",100.00
INFINIUM,SM,06-09-2024,193.0,194.0,194.0,182.45,194.0,193.2,189.57,"14,000","26,53,950.00",23,"10,500",75.00
INFINIUM,SM,09-09-2024,193.2,190.1,199.4,190.0,190.1,192.0,194.63,"14,000","27,24,850.00",27,"11,000",78.57
INFINIUM,SM,10-09-2024,192.0,196.0,198.7,192.1,196.5,194.5,195.6,"5,500","10,75,800.00",10,"4,000",72.73
INFINIUM,SM,11-09-2024,194.5,193.5,194.0,192.0,194.0,192.8,193.0,"3,500","6,75,500.00",6,"3,500",100.00
INFINIUM,SM,12-09-2024,192.8,197.0,197.0,190.5,194.4,192.45,193.26,"5,500","10,62,950.00",11,"4,500",81.82
INFINIUM,SM,16-09-2024,192.45,196.0,205.0,195.0,197.0,197.0,199.67,"18,000","35,94,000.00",35,"15,500",86.11
INFINIUM,SM,17-09-2024,197.0,198.8,210.15,198.8,210.15,209.45,204.01,"27,500","56,10,175.00",54,"22,000",80.00
INFINIUM,SM,18-09-2024,209.45,210.15,235.0,210.15,233.5,233.6,229.42,"1,00,000","2,29,41,650.00",145,"87,500",87.50
INFINIUM,SM,19-09-2024,233.6,238.9,279.85,238.9,272.0,272.6,263.59,"1,23,000","3,24,21,800.00",218,"90,500",73.58
INFINIUM,SM,20-09-2024,272.6,280.0,299.85,270.25,296.0,294.1,287.97,"75,500","2,17,42,050.00",142,"45,000",59.60
INFINIUM,SM,23-09-2024,294.1,301.0,323.5,296.0,323.5,322.3,315.73,"85,000","2,68,36,900.00",158,"65,500",77.06
INFINIUM,SM,24-09-2024,322.3,340.0,354.5,338.05,354.5,354.5,350.41,"98,000","3,43,40,500.00",170,"73,000",74.49
INFINIUM,SM,25-09-2024,354.5,354.5,372.2,336.8,336.8,336.8,356.3,"77,500","2,76,12,875.00",142,"44,500",57.42
INFINIUM,SM,26-09-2024,336.8,320.0,320.0,320.0,320.0,320.0,320.0,"1,000","3,20,000.00",2,500,50.00
INFINIUM,SM,27-09-2024,320.0,304.0,336.0,304.0,336.0,336.0,324.74,"88,000","2,85,77,475.00",138,"66,500",75.57
INFINIUM,SM,30-09-2024,336.0,348.75,352.8,346.0,352.8,352.8,351.82,"65,500","2,30,44,000.00",101,"43,000",65.65
INFINIUM,SM,01-10-2024,352.8,355.0,370.4,336.55,370.4,370.4,360.33,"77,000","2,77,45,450.00",141,"53,500",69.48
INFINIUM,SM,03-10-2024,370.4,388.9,388.9,375.0,382.0,386.8,388.33,"1,38,500","5,37,83,775.00",156,"72,000",51.99
INFINIUM,SM,04-10-2024,386.8,384.0,392.5,367.5,367.5,367.5,373.86,"91,000","3,40,21,625.00",138,"51,000",56.04
INFINIUM,SM,07-10-2024,367.5,356.3,364.0,349.15,349.15,349.15,351.4,"23,500","82,57,800.00",47,"17,000",72.34
INFINIUM,ST,08-10-2024,349.15,331.7,350.0,331.7,335.0,337.0,338.2,"17,000","57,49,475.00",33,"17,000",100.00
INFINIUM,ST,09-10-2024,337.0,349.9,349.9,324.0,340.0,340.0,335.3,"8,500","28,50,025.00",16,"6,500",76.47
INFINIUM,ST,10-10-2024,340.0,342.0,357.0,342.0,355.0,355.0,350.41,"10,000","35,04,075.00",18,"10,000",100.00
INFINIUM,ST,11-10-2024,355.0,349.1,355.0,339.4,355.0,355.0,346.23,"5,000","17,31,125.00",10,"5,000",100.00
INFINIUM,ST,14-10-2024,355.0,356.95,357.5,338.0,346.9,346.9,344.2,"14,000","48,18,850.00",27,"12,500",89.29
INFINIUM,ST,15-10-2024,346.9,350.0,350.0,332.0,335.6,335.6,340.62,"6,000","20,43,725.00",12,"5,000",83.33
INFINIUM,ST,16-10-2024,335.6,338.0,343.0,335.0,343.0,336.3,336.59,"4,500","15,14,650.00",6,"4,000",88.89
INFINIUM,ST,17-10-2024,336.3,336.0,336.0,322.5,332.0,332.0,328.16,"4,000","13,12,625.00",8,"4,000",100.00
INFINIUM,ST,18-10-2024,332.0,321.0,329.0,317.25,328.0,328.0,322.08,"8,500","27,37,675.00",12,"7,500",88.24
INFINIUM,ST,21-10-2024,328.0,315.55,326.0,311.65,325.0,325.0,316.15,"12,000","37,93,850.00",21,"11,500",95.83
INFINIUM,ST,22-10-2024,325.0,313.1,320.0,308.75,308.75,308.75,310.18,"11,000","34,11,925.00",20,"10,000",90.91
INFINIUM,ST,23-10-2024,308.75,311.0,322.0,310.0,318.5,318.5,315.35,"8,000","25,22,775.00",15,"7,000",87.50
INFINIUM,ST,24-10-2024,318.5,321.8,321.8,311.0,321.0,314.6,316.51,"6,500","20,57,300.00",13,"5,000",76.92
INFINIUM,ST,25-10-2024,314.6,319.0,319.0,314.95,314.95,314.95,315.99,"2,000","6,31,975.00",4,"2,000",100.00
INFINIUM,ST,28-10-2024,314.95,327.0,327.0,315.0,318.0,318.0,320.0,"1,500","4,80,000.00",3,"1,500",100.00
INFINIUM,ST,29-10-2024,318.0,323.5,323.5,323.5,323.5,323.5,323.5,500,"1,61,750.00",1,500,100.00
INFINIUM,ST,30-10-2024,323.5,324.0,324.0,320.0,320.0,320.0,322.0,"1,000","3,22,000.00",2,"1,000",100.00
INFINIUM,ST,31-10-2024,320.0,329.0,329.0,323.0,324.0,324.0,324.8,"2,500","8,12,000.00",5,"2,500",100.00
INFINIUM,ST,01-11-2024,324.0,324.0,328.0,324.0,328.0,325.35,325.0,"2,000","6,50,000.00",4,"2,000",100.00
INFINIUM,ST,04-11-2024,325.35,326.0,326.0,324.0,326.0,326.0,325.0,"2,000","6,50,000.00",4,"2,000",100.00
INFINIUM,ST,05-11-2024,326.0,325.5,327.5,318.1,327.5,321.25,323.9,"4,000","12,95,600.00",6,"4,000",100.00
INFINIUM,ST,06-11-2024,321.25,329.0,337.3,318.5,337.3,334.65,329.61,"9,500","31,31,325.00",18,"9,500",100.00
INFINIUM,ST,07-11-2024,334.65,337.5,337.5,326.6,337.0,336.0,334.42,"2,500","8,36,050.00",5,"2,000",80.00
INFINIUM,ST,08-11-2024,336.0,335.5,335.5,330.0,330.0,330.0,331.88,"3,000","9,95,650.00",6,"2,500",83.33
INFINIUM,ST,11-11-2024,330.0,329.5,333.8,324.0,332.0,331.85,329.73,"4,000","13,18,900.00",8,"3,500",87.50
INFINIUM,ST,12-11-2024,331.85,335.5,335.5,326.0,331.8,331.8,330.19,"3,500","11,55,650.00",7,"3,500",100.00
INFINIUM,ST,13-11-2024,331.8,334.5,334.5,323.1,328.0,328.0,326.91,"5,500","17,98,000.00",9,"5,500",100.00
INFINIUM,ST,14-11-2024,328.0,321.6,332.75,321.1,332.75,328.8,327.59,"6,000","19,65,525.00",9,"5,000",83.33
INFINIUM,ST,18-11-2024,328.8,316.25,337.0,312.4,329.0,329.0,316.84,"12,000","38,02,025.00",21,"12,000",100.00
INFINIUM,ST,19-11-2024,329.0,323.5,326.0,315.05,326.0,326.0,321.94,"3,500","11,26,800.00",7,"3,000",85.71
INFINIUM,ST,21-11-2024,326.0,323.0,323.0,312.45,319.0,319.0,316.3,"6,500","20,55,975.00",10,"6,500",100.00
INFINIUM,ST,22-11-2024,319.0,320.0,325.0,310.0,325.0,325.0,320.3,"5,500","17,61,675.00",10,"5,500",100.00
INFINIUM,ST,25-11-2024,325.0,333.0,333.0,333.0,333.0,333.0,333.0,500,"1,66,500.00",1,500,100.00
INFINIUM,ST,26-11-2024,333.0,318.0,331.5,316.55,326.0,326.0,321.08,"3,000","9,63,225.00",6,"3,000",100.00
INFINIUM,ST,27-11-2024,326.0,327.5,327.5,327.0,327.0,327.0,327.25,"1,000","3,27,250.00",2,"1,000",100.00
INFINIUM,ST,28-11-2024,327.0,325.9,325.9,316.5,317.25,317.25,323.15,"8,500","27,46,750.00",14,"6,500",76.47
INFINIUM,ST,29-11-2024,317.25,324.0,324.0,315.0,321.5,321.5,317.08,"4,500","14,26,850.00",8,"4,500",100.00
INFINIUM,ST,02-12-2024,321.5,324.0,330.0,321.0,323.15,323.15,326.88,"14,000","45,76,300.00",21,"13,000",92.86
INFINIUM,ST,03-12-2024,323.15,331.5,331.5,324.0,324.0,324.0,327.75,"2,000","6,55,500.00",4,"2,000",100.00
INFINIUM,ST,04-12-2024,324.0,328.5,328.5,315.0,323.0,323.0,318.62,"6,500","20,71,025.00",13,"5,500",84.62
INFINIUM,ST,05-12-2024,323.0,320.6,320.6,315.0,315.0,317.55,317.53,"1,500","4,76,300.00",3,"1,500",100.00
INFINIUM,ST,06-12-2024,317.55,323.0,323.0,315.1,315.1,315.1,321.38,"2,500","8,03,450.00",5,"2,000",80.00
INFINIUM,ST,09-12-2024,315.1,321.0,321.0,308.0,320.5,320.5,314.62,"8,000","25,16,950.00",13,"7,500",93.75
INFINIUM,ST,10-12-2024,320.5,320.5,320.5,308.0,308.0,309.25,312.39,"7,000","21,86,725.00",14,"7,000",100.00
INFINIUM,ST,11-12-2024,309.25,309.0,318.5,306.0,318.5,313.65,309.87,"13,000","40,28,275.00",18,"12,000",92.31
INFINIUM,ST,12-12-2024,313.65,318.5,320.0,309.0,320.0,318.85,317.42,"3,500","11,10,975.00",7,"3,500",100.00
INFINIUM,ST,13-12-2024,318.85,309.1,319.5,309.1,319.5,317.25,315.78,"2,000","6,31,550.00",4,"2,000",100.00
INFINIUM,ST,16-12-2024,317.25,317.0,317.0,306.0,311.5,309.75,309.44,"5,500","17,01,925.00",11,"5,500",100.00
INFINIUM,ST,17-12-2024,309.75,317.0,317.0,317.0,317.0,317.0,317.0,"1,000","3,17,000.00",2,"1,000",100.00
INFINIUM,ST,18-12-2024,317.0,316.5,316.5,301.15,309.9,304.55,306.31,"5,500","16,84,725.00",10,"5,500",100.00
INFINIUM,ST,19-12-2024,304.55,300.1,314.5,290.6,314.5,314.5,305.96,"4,000","12,23,850.00",8,"3,500",87.50
INFINIUM,ST,20-12-2024,314.5,314.5,314.5,303.5,313.5,308.6,308.2,"5,000","15,40,975.00",10,"4,000",80.00
INFINIUM,ST,23-12-2024,308.6,313.5,313.5,313.5,313.5,313.5,313.5,500,"1,56,750.00",1,500,100.00
INFINIUM,ST,24-12-2024,313.5,312.5,312.5,299.2,309.0,309.0,305.48,"4,500","13,74,675.00",8,"4,500",100.00
INFINIUM,ST,26-12-2024,309.0,306.5,306.5,294.05,304.5,304.5,301.68,"1,500","4,52,525.00",3,"1,500",100.00
INFINIUM,ST,27-12-2024,304.5,306.0,306.0,306.0,306.0,306.0,306.0,500,"1,53,000.00",1,500,100.00
INFINIUM,ST,30-12-2024,306.0,295.0,299.0,290.7,298.5,298.5,294.51,"8,500","25,03,300.00",13,"8,000",94.12
INFINIUM,ST,31-12-2024,298.5,300.0,302.5,283.65,302.5,299.9,294.88,"6,500","19,16,750.00",11,"6,000",92.31
INFINIUM,ST,01-01-2025,299.9,312.5,312.5,300.25,310.5,307.2,306.27,"6,500","19,90,775.00",11,"5,500",84.62
INFINIUM,ST,02-01-2025,307.2,317.5,317.5,305.0,309.5,308.0,310.0,"3,500","10,85,000.00",7,"3,500",100.0
INFINIUM,ST,03-01-2025,308.0,311.5,311.5,300.05,309.5,309.5,305.94,"3,000","9,17,825.00",5,"3,000",100.0
INFINIUM,ST,07-01-2025,309.5,294.25,305.5,294.25,305.5,302.75,299.92,"1,500","4,49,875.00",3,"1,500",100.0
INFINIUM,ST,08-01-2025,302.75,304.25,304.25,304.0,304.0,304.0,304.13,"1,000","3,04,125.00",2,"1,000",100.0
INFINIUM,ST,10-01-2025,304.0,294.0,299.9,294.0,299.9,299.9,296.05,"1,500","4,44,075.00",3,"1,000",66.67
INFINIUM,SM,13-01-2025,299.9,292.55,303.5,288.9,303.5,296.45,294.04,"7,500","22,05,275.00",15,"6,000",80.0
INFINIUM,SM,14-01-2025,296.45,304.0,304.0,304.0,304.0,304.0,304.0,500,"1,52,000.00",1,500,100.0
INFINIUM,SM,15-01-2025,304.0,306.5,306.5,306.5,306.5,306.5,306.5,500,"1,53,250.00",1,500,100.0
INFINIUM,SM,16-01-2025,306.5,307.5,307.5,307.5,307.5,307.5,307.5,500,"1,53,750.00",1,500,100.0
INFINIUM,SM,17-01-2025,307.5,304.5,304.5,296.1,301.0,301.0,300.53,"1,500","4,50,800.00",3,"1,000",66.67
INFINIUM,SM,20-01-2025,301.0,307.5,307.5,307.5,307.5,307.5,307.5,500,"1,53,750.00",1,500,100.0
INFINIUM,SM,21-01-2025,307.5,295.6,306.0,293.5,305.0,299.65,299.5,"7,500","22,46,250.00",15,"5,500",73.33
INFINIUM,SM,22-01-2025,299.65,314.0,314.0,300.0,305.0,305.0,307.33,"3,000","9,22,000.00",6,"3,000",100.0
INFINIUM,SM,23-01-2025,305.0,310.0,310.0,310.0,310.0,310.0,310.0,500,"1,55,000.00",1,500,100.0
INFINIUM,SM,24-01-2025,310.0,306.0,306.0,296.0,296.0,296.0,297.8,"3,000","8,93,400.00",6,"2,500",83.33
INFINIUM,SM,27-01-2025,296.0,295.0,295.0,281.25,281.3,281.3,285.57,"6,500","18,56,175.00",13,"6,500",100.0
INFINIUM,SM,28-01-2025,281.3,288.5,288.5,269.0,284.5,281.5,280.05,"5,500","15,40,250.00",10,"5,500",100.0
INFINIUM,SM,29-01-2025,281.5,293.5,293.5,290.0,290.0,290.0,291.17,"1,500","4,36,750.00",3,"1,500",100.0
INFINIUM,SM,30-01-2025,290.0,304.0,304.0,304.0,304.0,304.0,304.0,500,"1,52,000.00",1,500,100.0
INFINIUM,SM,31-01-2025,304.0,303.0,303.0,294.05,299.5,296.75,299.59,"4,500","13,48,150.00",9,"4,500",100.0
INFINIUM,SM,01-02-2025,296.75,298.5,298.5,298.5,298.5,298.5,298.5,500,"1,49,250.00",1,500,100.0
INFINIUM,SM,03-02-2025,298.5,297.5,297.5,297.5,297.5,297.5,297.5,500,"1,48,750.00",1,500,100.0
INFINIUM,SM,04-02-2025,297.5,297.0,297.0,297.0,297.0,297.0,297.0,500,"1,48,500.00",1,500,100.0
INFINIUM,SM,05-02-2025,297.0,284.5,293.5,284.5,293.5,293.5,289.13,"2,000","5,78,250.00",4,"2,000",100.0
INFINIUM,SM,06-02-2025,293.5,297.5,297.5,278.85,287.5,283.3,282.72,"15,000","42,40,725.00",18,"14,000",93.33
INFINIUM,SM,07-02-2025,283.3,279.95,279.95,270.1,270.1,270.75,272.05,"3,500","9,52,175.00",6,"3,000",85.71
INFINIUM,SM,10-02-2025,270.75,271.45,274.9,269.5,269.5,269.5,273.01,"5,000","13,65,025.00",10,"4,500",90.0
INFINIUM,SM,11-02-2025,269.5,259.5,265.0,256.55,265.0,264.5,260.32,"5,500","14,31,775.00",11,"4,500",81.82
INFINIUM,SM,12-02-2025,264.5,253.0,264.0,251.3,260.0,258.0,255.51,"11,000","28,10,600.00",21,"8,500",77.27
INFINIUM,SM,13-02-2025,258.0,247.0,254.5,246.55,254.5,253.95,249.08,"8,000","19,92,625.00",16,"6,500",81.25
INFINIUM,SM,14-02-2025,253.95,244.5,252.0,241.25,241.25,241.25,242.66,"12,000","29,11,875.00",22,"9,500",79.17
INFINIUM,SM,17-02-2025,241.25,240.0,240.0,229.2,229.2,229.2,232.07,"13,500","31,33,000.00",22,"13,000",96.3
INFINIUM,SM,18-02-2025,229.2,220.2,231.0,220.2,223.0,223.0,224.86,"4,000","8,99,450.00",8,"3,000",75.0
INFINIUM,SM,19-02-2025,223.0,227.5,232.65,224.0,232.65,231.5,228.58,"7,000","16,00,050.00",11,"5,500",78.57
INFINIUM,SM,20-02-2025,231.5,239.75,243.05,239.75,243.0,243.0,242.58,"7,500","18,19,325.00",13,"7,000",93.33
INFINIUM,SM,21-02-2025,243.0,249.0,249.0,235.3,244.5,244.5,242.35,"4,000","9,69,400.00",6,"4,000",100.0
INFINIUM,SM,24-02-2025,244.5,233.45,242.5,233.0,236.0,236.0,236.04,"3,000","7,08,125.00",6,"2,500",83.33
INFINIUM,SM,25-02-2025,236.0,238.0,241.5,236.0,238.0,238.0,238.1,"2,500","5,95,250.00",5,"2,500",100.0
INFINIUM,SM,27-02-2025,238.0,239.45,239.45,236.0,237.0,237.0,237.98,"2,500","5,94,950.00",5,"2,500",100.0
INFINIUM,SM,28-02-2025,237.0,239.5,239.5,225.15,225.15,225.15,227.28,"9,500","21,59,125.00",13,"9,000",94.74
INFINIUM,SM,03-03-2025,225.15,227.0,227.0,213.9,224.0,220.15,217.74,"9,000","19,59,700.00",16,"7,000",77.78
INFINIUM,SM,04-03-2025,220.15,217.0,218.0,217.0,218.0,218.0,217.67,"1,500","3,26,500.00",3,"1,500",100.0
INFINIUM,SM,05-03-2025,218.0,225.5,225.5,225.0,225.0,225.0,225.25,"1,000","2,25,250.00",2,"1,000",100.0
INFINIUM,SM,06-03-2025,225.0,228.5,235.0,215.0,235.0,230.0,223.58,"5,500","12,29,700.00",11,"5,500",100.0
INFINIUM,SM,07-03-2025,230.0,234.5,234.5,228.0,233.4,233.4,231.97,"1,500","3,47,950.00",3,"1,500",100.0
INFINIUM,SM,10-03-2025,233.4,237.5,237.5,229.45,229.45,229.45,231.61,"2,000","4,63,225.00",4,"2,000",100.0
INFINIUM,SM,11-03-2025,229.45,226.0,228.75,219.15,227.5,223.35,221.75,"6,000","13,30,475.00",12,"5,000",83.33
INFINIUM,SM,12-03-2025,223.35,224.5,224.5,223.5,223.5,223.5,224.0,"1,000","2,24,000.00",2,"1,000",100.0
INFINIUM,SM,13-03-2025,223.5,225.5,226.0,221.0,226.0,224.65,223.93,"3,500","7,83,750.00",6,"3,500",100.0
INFINIUM,SM,17-03-2025,224.65,232.5,232.5,220.45,220.45,220.45,223.86,"2,000","4,47,725.00",4,"2,000",100.0
INFINIUM,SM,18-03-2025,220.45,224.5,224.5,219.0,220.0,220.0,221.17,"1,500","3,31,750.00",3,"1,500",100.0
INFINIUM,SM,19-03-2025,220.0,226.5,226.5,215.0,220.0,220.0,217.9,"10,500","22,88,000.00",13,"10,000",95.24
INFINIUM,SM,20-03-2025,220.0,216.0,226.5,216.0,222.9,221.05,220.18,"3,500","7,70,625.00",7,"3,500",100.0
INFINIUM,SM,21-03-2025,221.05,225.5,225.5,218.0,222.0,222.0,222.38,"6,500","14,45,450.00",10,"6,500",100.0
INFINIUM,SM,24-03-2025,222.0,222.5,233.0,221.0,233.0,231.05,226.14,"5,000","11,30,700.00",10,"4,000",80.0
INFINIUM,SM,25-03-2025,231.05,238.0,242.5,229.0,233.5,233.5,232.16,"8,500","19,73,350.00",14,"8,000",94.12
INFINIUM,SM,26-03-2025,233.5,241.5,241.5,225.0,229.5,229.5,226.02,"14,500","32,77,325.00",22,"10,000",68.97
INFINIUM,SM,27-03-2025,229.5,238.5,238.5,238.5,238.5,238.5,238.5,500,"1,19,250.00",1,500,100.0
INFINIUM,SM,28-03-2025,238.5,242.0,242.0,241.5,241.9,241.9,241.8,"1,500","3,62,700.00",3,"1,500",100.0
INFINIUM,SM,01-04-2025,241.9,243.0,243.0,239.0,239.0,239.0,241.0,"1,000","2,41,000.00",2,"1,000",100.0
INFINIUM,SM,02-04-2025,239.0,243.5,243.5,243.5,243.5,243.5,243.5,500,"1,21,750.00",1,500,100.0
INFINIUM,SM,04-04-2025,243.5,234.0,241.5,233.0,235.0,235.0,235.88,"2,000","4,71,750.00",4,"2,000",100.0
INFINIUM,SM,07-04-2025,235.0,214.0,223.5,214.0,215.0,215.0,216.12,"2,500","5,40,300.00",5,"2,000",80.0
INFINIUM,SM,08-04-2025,215.0,226.5,226.5,226.0,226.0,226.0,226.17,"1,500","3,39,250.00",3,"1,500",100.0
INFINIUM,SM,09-04-2025,226.0,227.5,229.0,217.1,229.0,229.0,224.53,"1,500","3,36,800.00",3,"1,500",100.0
INFINIUM,SM,11-04-2025,229.0,214.0,234.95,214.0,233.0,233.0,230.41,"3,000","6,91,225.00",6,"2,500",83.33
INFINIUM,SM,15-04-2025,233.0,239.5,239.5,239.5,239.5,239.5,239.5,500,"1,19,750.00",1,500,100.0
INFINIUM,SM,16-04-2025,239.5,233.55,235.1,229.25,232.5,232.5,232.6,"2,000","4,65,200.00",4,"2,000",100.0
INFINIUM,SM,17-04-2025,232.5,236.0,236.5,236.0,236.5,236.5,236.25,"1,000","2,36,250.00",2,"1,000",100.0
INFINIUM,SM,21-04-2025,236.5,238.5,238.5,236.0,236.5,236.5,236.6,"2,500","5,91,500.00",5,"2,500",100.0
INFINIUM,SM,22-04-2025,236.5,238.0,260.15,238.0,260.15,260.15,255.55,"10,500","26,83,275.00",21,"10,500",100.0
INFINIUM,SM,23-04-2025,260.15,286.15,286.15,284.0,286.15,286.15,286.03,"19,000","54,34,625.00",37,"17,000",89.47
INFINIUM,SM,24-04-2025,286.15,299.95,314.75,293.05,314.0,311.7,307.89,"25,000","76,97,275.00",50,"16,000",64.0
INFINIUM,SM,25-04-2025,311.7,324.45,326.0,298.5,298.5,300.95,306.2,"9,000","27,55,800.00",18,"7,500",83.33
INFINIUM,SM,28-04-2025,300.95,308.5,308.5,295.0,301.0,301.0,301.84,"10,000","30,18,350.00",20,"8,000",80.0
INFINIUM,SM,29-04-2025,301.0,309.5,311.0,299.0,299.0,299.0,305.87,"6,500","19,88,125.00",13,"5,000",76.92
INFINIUM,SM,30-04-2025,299.0,306.5,307.0,296.0,296.8,296.8,302.44,"10,000","30,24,350.00",17,"8,000",80.0
INFINIUM,SM,02-05-2025,296.8,305.5,308.85,299.0,304.0,304.0,302.64,"5,500","16,64,525.00",9,"5,000",90.91
INFINIUM,SM,05-05-2025,304.0,308.5,308.5,302.1,305.0,305.0,304.94,"5,000","15,24,675.00",9,"4,000",80.0
INFINIUM,SM,06-05-2025,305.0,308.5,308.5,290.45,290.45,292.05,298.54,"12,000","35,82,525.00",19,"9,500",79.17
INFINIUM,SM,07-05-2025,292.05,294.5,294.5,285.0,285.0,285.25,289.61,"2,000","5,79,225.00",4,"1,500",75.0
INFINIUM,SM,08-05-2025,285.25,294.0,296.0,293.5,293.5,293.75,294.42,"3,000","8,83,250.00",6,"3,000",100.0
INFINIUM,SM,09-05-2025,293.75,279.2,289.0,279.1,282.0,280.6,281.22,"8,500","23,90,375.00",15,"5,000",58.82
INFINIUM,SM,12-05-2025,280.6,292.5,294.6,285.3,294.6,294.6,292.46,"5,000","14,62,300.00",10,"4,000",80.0
INFINIUM,SM,13-05-2025,294.6,308.5,308.5,301.0,304.9,304.9,305.23,"4,500","13,73,525.00",9,"4,000",88.89
INFINIUM,SM,14-05-2025,304.9,310.5,310.9,300.0,300.0,300.0,308.37,"2,500","7,70,925.00",5,"2,000",80.0
INFINIUM,SM,15-05-2025,300.0,311.0,311.0,301.65,308.75,308.75,307.48,"3,500","10,76,175.00",6,"2,500",71.43
INFINIUM,SM,16-05-2025,308.75,311.5,312.0,302.0,302.0,303.35,306.44,"4,000","12,25,750.00",8,"3,500",87.5
INFINIUM,SM,19-05-2025,303.35,310.0,312.0,300.0,303.75,303.75,304.42,"5,500","16,74,325.00",10,"4,000",72.73
INFINIUM,SM,20-05-2025,303.75,307.5,312.8,301.1,301.1,301.1,308.65,"10,000","30,86,525.00",19,"5,500",55.0
INFINIUM,SM,21-05-2025,301.1,307.0,315.0,307.0,315.0,314.2,310.41,"9,000","27,93,650.00",18,"7,500",83.33
INFINIUM,SM,22-05-2025,314.2,319.0,319.0,309.0,316.4,316.35,315.84,"3,500","11,05,425.00",7,"3,000",85.71
INFINIUM,SM,23-05-2025,316.35,329.5,329.5,318.5,325.0,324.4,323.43,"14,000","45,28,025.00",27,"11,500",82.14
INFINIUM,SM,26-05-2025,324.4,337.0,337.0,325.25,325.5,325.35,329.54,"10,000","32,95,425.00",20,"8,500",85.0
INFINIUM,SM,27-05-2025,325.35,335.5,335.5,315.05,316.0,316.25,321.46,"5,500","17,68,025.00",8,"4,500",81.82
INFINIUM,SM,28-05-2025,316.25,326.0,326.0,319.0,319.0,319.0,322.26,"4,000","12,89,025.00",8,"3,500",87.5
INFINIUM,SM,29-05-2025,319.0,310.1,315.0,303.05,303.05,303.05,305.62,"13,000","39,73,000.00",25,"10,000",76.92
INFINIUM,SM,30-05-2025,303.05,303.0,303.0,287.9,287.9,287.9,290.17,"21,000","60,93,525.00",33,"11,500",54.76
INFINIUM,SM,02-06-2025,287.9,280.0,287.9,275.15,287.9,287.9,282.26,"9,500","26,81,475.00",18,"7,000",73.68
INFINIUM,SM,03-06-2025,287.9,298.5,298.5,293.95,294.0,294.0,295.44,"33,500","98,97,150.00",8,"33,000",98.51
INFINIUM,SM,04-06-2025,294.0,304.0,304.0,287.5,287.5,288.25,294.74,"25,000","73,68,525.00",13,"24,000",96.0
INFINIUM,SM,05-06-2025,288.25,293.5,293.5,286.0,291.5,288.75,290.25,"2,000","5,80,500.00",4,"2,000",100.0
INFINIUM,SM,06-06-2025,288.75,293.5,293.5,285.0,285.0,285.0,288.92,"3,000","8,66,750.00",4,"3,000",100.0
INFINIUM,SM,09-06-2025,285.0,285.0,294.5,285.0,293.0,293.0,289.86,"4,500","13,04,350.00",9,"4,000",88.89
INFINIUM,SM,10-06-2025,293.0,301.5,301.5,286.65,294.5,294.5,295.18,"6,000","17,71,075.00",12,"5,000",83.33
INFINIUM,SM,11-06-2025,294.5,291.25,307.8,291.25,306.9,306.9,300.08,"6,500","19,50,500.00",10,"6,000",92.31
INFINIUM,SM,12-06-2025,306.9,317.95,317.95,294.0,294.0,294.05,304.52,"4,500","13,70,350.00",9,"3,000",66.67
INFINIUM,SM,13-06-2025,294.05,300.5,302.0,297.95,302.0,301.5,299.44,"4,500","13,47,475.00",7,"4,000",88.89
INFINIUM,SM,16-06-2025,301.5,314.5,314.5,300.0,300.05,300.0,306.56,"4,000","12,26,225.00",8,"3,000",75.0
INFINIUM,SM,17-06-2025,300.0,300.0,305.0,291.0,297.95,297.95,300.71,"4,500","13,53,200.00",9,"3,500",77.78
INFINIUM,SM,18-06-2025,297.95,295.5,295.5,292.0,292.0,292.0,293.75,"1,000","2,93,750.00",2,"1,000",100.0
INFINIUM,SM,19-06-2025,292.0,299.5,299.5,290.05,292.0,291.0,293.87,"5,000","14,69,350.00",10,"4,500",90.0
INFINIUM,SM,20-06-2025,291.0,292.0,292.0,292.0,292.0,292.0,292.0,"1,500","4,38,000.00",3,"1,500",100.0
INFINIUM,SM,24-06-2025,292.0,302.0,302.0,285.0,285.0,285.0,290.67,"1,500","4,36,000.00",3,"1,500",100.0
INFINIUM,SM,25-06-2025,285.0,298.5,298.5,288.0,290.0,290.0,291.61,"2,000","5,83,225.00",4,"2,000",100.0
INFINIUM,SM,26-06-2025,290.0,298.5,298.5,296.0,297.0,296.65,297.26,"3,500","10,40,400.00",7,"2,500",71.43
INFINIUM,SM,27-06-2025,296.65,299.0,304.0,290.0,290.0,290.5,296.0,"6,500","19,24,025.00",13,"6,000",92.31
INFINIUM,SM,30-06-2025,290.5,298.0,298.0,297.5,297.9,297.9,297.85,"3,000","8,93,550.00",6,"3,000",100.0
INFINIUM,SM,01-07-2025,297.9,301.5,301.5,290.0,297.0,297.0,296.75,"6,000","17,80,500.00",12,"4,500",75.0
INFINIUM,SM,02-07-2025,297.0,301.0,301.0,295.0,297.5,297.5,298.34,"4,000","11,93,350.00",8,"4,000",100.0
INFINIUM,SM,03-07-2025,297.5,300.95,300.95,291.1,291.1,291.1,294.74,"3,500","10,31,600.00",6,"3,000",85.71
INFINIUM,SM,04-07-2025,291.1,300.5,300.5,287.0,287.0,287.0,293.75,"1,000","2,93,750.00",2,"1,000",100.0
INFINIUM,SM,07-07-2025,287.0,295.9,295.9,290.0,290.0,290.0,292.95,"1,000","2,92,950.00",2,"1,000",100.0
INFINIUM,SM,08-07-2025,290.0,298.0,298.0,288.0,288.0,288.0,292.63,"2,000","5,85,250.00",4,"1,500",75.0
INFINIUM,SM,09-07-2025,288.0,300.95,300.95,285.5,295.0,295.0,293.54,"4,000","11,74,175.00",8,"3,500",87.5
INFINIUM,SM,10-07-2025,295.0,298.0,298.0,286.15,286.15,286.15,288.04,"5,000","14,40,175.00",9,"4,500",90.0
INFINIUM,SM,11-07-2025,286.15,280.0,280.0,274.0,277.0,277.0,275.52,"3,000","8,26,550.00",5,"2,500",83.33
INFINIUM,SM,14-07-2025,277.0,266.05,287.0,266.05,275.55,275.55,280.82,"5,000","14,04,075.00",9,"3,500",70.0
INFINIUM,SM,15-07-2025,275.55,287.85,287.85,277.0,283.0,283.0,282.62,"1,500","4,23,925.00",3,"1,500",100.0
INFINIUM,SM,16-07-2025,283.0,278.0,278.0,278.0,278.0,278.0,278.0,500,"1,39,000.00",1,500,100.0
INFINIUM,SM,17-07-2025,278.0,297.0,297.0,287.0,287.0,287.7,291.21,"3,500","10,19,250.00",7,"2,000",57.14
INFINIUM,SM,18-07-2025,287.7,294.0,294.0,285.0,289.0,287.45,288.28,"2,500","7,20,700.00",5,"2,000",80.0
INFINIUM,SM,21-07-2025,287.45,288.85,291.0,288.85,291.0,291.0,289.93,"1,000","2,89,925.00",2,500,50.0
INFINIUM,SM,22-07-2025,291.0,262.0,287.05,262.0,274.0,275.45,273.53,"9,500","25,98,500.00",19,"5,500",57.89
INFINIUM,SM,23-07-2025,275.45,269.0,271.95,266.6,271.0,271.0,268.53,"6,000","16,11,175.00",10,"4,500",75.0
INFINIUM,SM,24-07-2025,271.0,273.0,282.0,273.0,281.0,281.0,278.67,"1,500","4,18,000.00",3,"1,000",66.67
INFINIUM,SM,25-07-2025,281.0,281.0,281.0,274.05,274.05,274.05,275.71,2500,6.89,4, 2000, 80.00
INFINIUM,SM,29-07-2025,274.05,283.5,283.5,277.75,277.75,277.75,280.63,1000,2.81,2, 1000, 100.00
INFINIUM,SM,30-07-2025,277.75,280.5,280.5,262.0,277.5,277.5,273.33,1500,4.1,3, 1500, 100.00
INFINIUM,SM,01-08-2025,277.5,277.8,277.8,266.1,272.75,272.7,273.19,2500,6.83,5, 2000, 80.00
INFINIUM,SM,04-08-2025,272.7,263.1,277.0,263.1,264.0,265.1,266.39,3000,7.99,6, 3000, 100.00
INFINIUM,SM,05-08-2025,265.1,275.0,275.0,256.0,256.0,256.0,258.6,5500,14.22,10, 5000, 90.91
INFINIUM,SM,06-08-2025,256.0,266.0,266.0,252.8,257.0,257.0,257.57,2500,6.44,5, 2000, 80.00
INFINIUM,SM,07-08-2025,257.0,248.0,269.85,248.0,269.85,269.85,268.75,13000,34.94,25, 8500, 65.38
INFINIUM,SM,08-08-2025,269.85,264.0,266.5,256.35,256.35,256.35,261.81,22500,58.91,29, 17500, 77.78
INFINIUM,SM,12-08-2025,256.35,246.85,254.5,246.85,250.0,252.25,249.92,4000,10.0,8, 3500, 87.50
INFINIUM,SM,13-08-2025,252.25,252.25,257.85,250.5,257.85,257.85,253.89,2500,6.35,5, 1500, 60.00
INFINIUM,SM,14-08-2025,257.85,252.65,252.65,252.65,252.65,252.65,252.65,500,1.26,1, 500, 100.00
INFINIUM,SM,18-08-2025,252.65,259.0,259.0,248.6,255.0,255.0,254.4,2000,5.09,4, 2000, 100.00
INFINIUM,SM,19-08-2025,255.0,247.3,256.0,247.3,256.0,256.0,250.7,2000,5.01,4, 1500, 75.00
INFINIUM,SM,20-08-2025,256.0,256.95,267.5,252.0,267.5,267.5,260.11,6000,15.61,9, 6000, 100.00
INFINIUM,SM,21-08-2025,267.5,269.95,276.0,269.95,271.25,271.25,273.04,8000,21.84,10, 7500, 93.75
INFINIUM,SM,22-08-2025,271.25,266.0,268.0,265.25,268.0,268.0,266.13,2000,5.32,4, 2000, 100.00
INFINIUM,SM,25-08-2025,268.0,259.15,267.5,259.15,267.5,267.5,263.33,1000,2.63,2, 1000, 100.00
INFINIUM,SM,26-08-2025,267.5,267.0,267.0,267.0,267.0,267.0,267.0,500,1.34,1, 500, 100.00
INFINIUM,SM,28-08-2025,267.0,254.55,264.5,253.65,253.65,253.65,255.56,7500,19.17,15, 5500, 73.33
INFINIUM,SM,29-08-2025,253.65,245.55,252.5,245.55,252.5,252.5,249.03,1000,2.49,2, 1000, 100.00
INFINIUM,SM,01-09-2025,252.5,262.5,262.5,250.5,250.5,250.5,256.5,1000,2.57,2, 1000, 100.00
INFINIUM,SM,02-09-2025,250.5,261.5,261.5,261.5,261.5,261.5,261.5,500,1.31,1, 500, 100.00
INFINIUM,SM,03-09-2025,261.5,261.5,269.5,250.0,251.0,250.55,254.47,12000,30.54,17, 11000, 91.67
INFINIUM,SM,04-09-2025,250.55,259.5,259.5,250.0,254.7,254.7,254.8,2000,5.1,4, 2000, 100.00
INFINIUM,SM,05-09-2025,254.7,254.9,254.9,250.0,250.0,250.0,252.45,1000,2.52,2, 1000, 100.00
INFINIUM,SM,08-09-2025,250.0,242.0,260.5,242.0,245.1,245.1,244.33,5000,12.22,6, 4500, 90.00
INFINIUM,SM,09-09-2025,245.1,243.5,252.9,243.05,252.9,252.9,244.3,6000,14.66,5, 6000, 100.00
INFINIUM,SM,10-09-2025,252.9,246.0,260.0,246.0,260.0,256.25,250.82,5500,13.8,7, 5500, 100.00
INFINIUM,SM,11-09-2025,256.25,246.5,254.85,244.55,254.85,254.85,249.9,4000,10.0,8, 2500, 62.50
INFINIUM,SM,12-09-2025,254.85,251.0,251.0,250.2,250.2,250.6,250.6,1000,2.51,2, 1000, 100.00
INFINIUM,SM,15-09-2025,250.6,256.1,256.1,246.0,246.0,246.0,252.03,2000,5.04,4, 2000, 100.00
INFINIUM,SM,16-09-2025,246.0,254.5,254.5,253.0,253.0,253.0,253.75,1000,2.54,2, 1000, 100.00
INFINIUM,SM,17-09-2025,253.0,261.5,261.5,256.0,256.0,256.0,259.17,1500,3.89,3, 1500, 100.00
INFINIUM,SM,18-09-2025,256.0,263.5,263.5,247.1,249.95,249.95,251.35,5000,12.57,10, 4000, 80.00
INFINIUM,SM,19-09-2025,249.95,259.0,259.0,245.0,248.35,248.35,250.83,3500,8.78,5, 1500, 42.86
INFINIUM,SM,22-09-2025,248.35,248.5,258.5,248.5,253.9,253.9,252.34,2500,6.31,4, 2500, 100.00
INFINIUM,SM,23-09-2025,253.9,248.0,253.5,248.0,253.5,253.5,250.8,2000,5.02,4, 2000, 100.00
INFINIUM,SM,24-09-2025,253.5,247.0,252.5,247.0,252.5,252.5,249.75,1000,2.5,2, 1000, 100.00
INFINIUM,SM,25-09-2025,252.5,258.5,259.9,248.1,255.5,255.5,255.68,5500,14.06,11, 4000, 72.73
INFINIUM,SM,26-09-2025,255.5,262.5,262.5,256.0,256.0,256.0,259.25,1000,2.59,2, 1000, 100.00
INFINIUM,SM,29-09-2025,256.0,248.5,258.1,248.0,248.0,249.0,251.19,4500,11.3,6, 3500, 77.78
INFINIUM,SM,01-10-2025,249.0,253.5,253.5,253.5,253.5,253.5,253.5,500,1.27,1, 500, 100.00
INFINIUM,SM,03-10-2025,253.5,256.0,256.0,246.1,246.1,246.1,251.05,1000,2.51,2, 1000, 100.00
INFINIUM,SM,06-10-2025,246.1,246.0,246.5,241.05,246.5,246.5,244.65,6500,15.9,10, 5500, 84.62
INFINIUM,SM,07-10-2025,246.5,253.5,253.5,245.0,245.0,245.0,248.8,2500,6.22,5, 2500, 100.00
INFINIUM,SM,08-10-2025,245.0,240.0,251.5,240.0,245.0,245.0,245.5,1500,3.68,3, 1500, 100.00
INFINIUM,SM,09-10-2025,245.0,245.0,250.5,245.0,250.5,250.5,247.75,1000,2.48,2, 1000, 100.00
INFINIUM,SM,10-10-2025,250.5,256.5,256.5,256.5,256.5,256.5,256.5,500,1.28,1, 500, 100.00
INFINIUM,SM,13-10-2025,256.5,259.05,259.05,243.7,251.0,251.0,248.25,7000,17.38,14, 4000, 57.14
INFINIUM,SM,14-10-2025,251.0,249.75,249.75,245.75,247.75,247.75,247.75,1500,3.72,3, 1500, 100.00
INFINIUM,SM,15-10-2025,247.75,253.0,253.0,252.0,252.0,252.0,252.69,2000,5.05,4, 2000, 100.00
INFINIUM,SM,16-10-2025,252.0,246.35,246.35,246.35,246.35,246.35,246.35,500,1.23,1, 500, 100.00
INFINIUM,SM,17-10-2025,246.35,253.5,253.5,244.0,250.7,250.7,249.75,8000,19.98,16, 6000, 75.00
INFINIUM,SM,21-10-2025,250.7,254.5,254.5,254.45,254.5,254.45,254.48,1500,3.82,3, 1500, 100.00
INFINIUM,SM,23-10-2025,254.45,251.5,251.5,251.5,251.5,251.5,251.5,2000,5.03,4, 2000, 100.00
INFINIUM,SM,24-10-2025,251.5,250.25,254.0,250.25,252.0,252.05,252.32,9500,23.97,8, 8500, 89.47
INFINIUM,SM,27-10-2025,252.05,252.05,252.05,252.0,252.0,252.0,252.04,2000,5.04,3, 2000, 100.00
INFINIUM,SM,28-10-2025,252.0,256.5,256.5,244.55,255.0,249.6,247.66,9000,22.29,18, 6000, 66.67
INFINIUM,SM,29-10-2025,249.6,255.9,261.4,250.0,261.4,256.9,255.35,11000,28.09,20, 9500, 86.36
INFINIUM,SM,30-10-2025,256.9,260.1,263.7,260.1,261.5,261.5,261.16,7000,18.28,8, 7000, 100.00
INFINIUM,SM,31-10-2025,261.5,260.1,269.5,260.1,265.0,265.0,264.42,10500,27.76,15, 10000, 95.24
INFINIUM,SM,03-11-2025,265.0,261.0,264.0,261.0,264.0,264.0,261.5,11000,28.77,3, 11000, 100.00
INFINIUM,SM,04-11-2025,264.0,262.5,265.0,262.5,264.0,264.0,263.47,17000,44.79,10, 17000, 100.00
INFINIUM,SM,06-11-2025,264.0,262.8,265.0,260.0,265.0,265.0,264.1,25500,67.34,28, 24500, 96.08
INFINIUM,SM,07-11-2025,265.0,263.8,266.0,260.1,263.0,264.9,265.05,18500,49.03,22, 18000, 97.30
INFINIUM,SM,10-11-2025,264.9,260.1,260.1,260.0,260.0,260.0,260.05,1000,2.6,2, 1000, 100.00
INFINIUM,SM,11-11-2025,260.0,259.9,269.95,259.9,269.0,269.4,264.44,8500,22.48,10, 8000, 94.12
INFINIUM,SM,12-11-2025,269.4,264.0,264.0,260.6,260.6,260.6,262.3,1000,2.62,2, 1000, 100.00
INFINIUM,SM,13-11-2025,260.6,267.0,269.8,255.15,256.15,256.15,263.87,7000,18.47,13, 4000, 57.14
INFINIUM,SM,14-11-2025,256.15,268.0,268.0,250.1,250.1,250.1,252.35,4000,10.09,8, 3000, 75.00
INFINIUM,SM,17-11-2025,250.1,245.2,247.0,240.0,240.0,240.7,243.33,12500,30.42,25, 8500, 68.00
INFINIUM,SM,18-11-2025,240.7,248.5,248.5,248.5,248.5,248.5,248.5,500,1.24,1, 500, 100.00
INFINIUM,SM,19-11-2025,248.5,242.8,244.5,242.8,244.5,244.5,243.65,1000,2.44,2, 1000, 100.00
INFINIUM,SM,20-11-2025,244.5,252.5,252.5,240.0,242.0,242.0,244.58,2500,6.11,5, 2000, 80.00
INFINIUM,SM,21-11-2025,242.0,252.5,252.5,236.05,236.05,236.25,240.74,5000,12.04,10, 4500, 90.00
INFINIUM,SM,24-11-2025,236.25,236.0,236.0,228.0,229.0,229.0,230.3,2000,4.61,4, 1500, 75.00
INFINIUM,SM,25-11-2025,229.0,239.5,239.5,221.9,237.5,234.95,229.28,5000,11.46,8, 4000, 80.00
INFINIUM,SM,26-11-2025,234.95,243.5,243.5,237.75,237.75,237.75,240.63,1000,2.41,2, 1000, 100.00
INFINIUM,SM,27-11-2025,237.75,245.0,245.0,239.9,245.0,243.25,241.19,6500,15.68,12, 5500, 84.62
INFINIUM,SM,28-11-2025,243.25,248.5,250.0,246.75,249.65,249.65,248.63,8500,21.13,17, 7500, 88.24
INFINIUM,SM,01-12-2025,249.65,240.55,243.95,237.2,237.2,238.1,240.24,10500,25.23,15, 7500, 71.43
INFINIUM,SM,02-12-2025,238.1,237.2,242.0,234.0,234.0,234.0,235.9,4500,10.62,9, 4000, 88.89
INFINIUM,SM,03-12-2025,234.0,241.5,241.5,234.0,238.85,236.4,237.34,2500,5.93,5, 1500, 60.00
INFINIUM,SM,04-12-2025,236.4,242.0,242.0,242.0,242.0,242.0,242.0,500,1.21,1, 500, 100.00
INFINIUM,SM,05-12-2025,242.0,239.8,239.8,239.8,239.8,239.8,239.8,500,1.2,1, 500, 100.00
INFINIUM,SM,09-12-2025,239.8,223.5,233.95,223.5,233.95,233.95,230.32,1500,3.45,3, 1000, 66.67
INFINIUM,SM,10-12-2025,233.95,238.5,240.0,233.0,233.0,233.0,238.6,7000,16.7,11, 6500, 92.86
INFINIUM,SM,11-12-2025,233.0,232.0,240.5,226.0,227.0,227.0,231.29,3000,6.94,6, 2500, 83.33
INFINIUM,SM,12-12-2025,227.0,239.5,239.5,214.1,220.0,222.25,221.52,15000,33.23,24, 13500, 90.00
INFINIUM,SM,15-12-2025,222.25,226.9,230.0,226.9,228.6,228.6,228.49,4500,10.28,7, 4500, 100.00
INFINIUM,SM,16-12-2025,228.6,226.0,226.0,215.5,215.5,215.5,222.89,2500,5.57,4, 2500, 100.00
INFINIUM,SM,17-12-2025,215.5,218.05,225.0,218.05,225.0,222.65,221.05,3500,7.74,7, 3000, 85.71
INFINIUM,SM,18-12-2025,222.65,224.9,224.9,224.9,224.9,224.9,224.9,1000,2.25,2, 1000, 100.00
INFINIUM,SM,19-12-2025,224.9,225.1,225.1,221.1,221.1,221.1,223.1,1000,2.23,2, 500, 50.00
INFINIUM,SM,22-12-2025,221.1,223.0,224.5,223.0,224.5,224.5,223.9,2500,5.6,4, 2500, 100.00
INFINIUM,SM,23-12-2025,224.5,220.0,224.5,220.0,224.5,224.5,222.25,1000,2.22,2, 1000, 100.00
INFINIUM,SM,26-12-2025,224.5,215.0,229.5,215.0,229.5,226.75,222.83,1500,3.34,3, 1500, 100.00
INFINIUM,SM,29-12-2025,226.75,220.0,220.0,217.0,217.0,217.15,217.56,3500,7.61,7, 3500, 100.00
INFINIUM,SM,30-12-2025,217.15,224.5,224.5,220.9,220.9,220.9,222.7,1000,2.23,2, 1000, 100.00
INFINIUM,SM,31-12-2025,220.9,224.5,224.5,222.9,222.9,222.9,223.7,1000,2.24,2, 1000, 100.00
INFINIUM,SM,01-01-2026,222.9,215.0,224.9,215.0,224.9,224.9,222.62,3000,6.68,6, 2500, 83.33
INFINIUM,SM,02-01-2026,224.9,218.6,218.6,218.55,218.55,218.55,218.58,1000,2.19,2, 1000, 100.00
INFINIUM,SM,05-01-2026,218.55,223.75,223.75,215.0,221.75,221.75,219.27,4000,8.77,8, 3500, 87.50
INFINIUM,SM,06-01-2026,221.75,224.5,224.5,220.0,220.0,220.0,220.9,2500,5.52,4, 2500, 100.00
INFINIUM,SM,07-01-2026,220.0,220.0,220.0,220.0,220.0,220.0,220.0,5500,12.1,2, 5500, 100.00
INFINIUM,SM,08-01-2026,220.0,210.0,220.0,210.0,220.0,220.0,217.07,3500,7.6,7, 3000, 85.71
INFINIUM,SM,09-01-2026,220.0,224.5,224.5,224.5,224.5,224.5,224.5,500,1.12,1, 500, 100.00
INFINIUM,SM,14-01-2026,224.5,223.4,223.4,221.95,221.95,221.95,222.92,1500,3.34,3, 1500, 100.00
INFINIUM,SM,16-01-2026,221.95,225.0,225.1,225.0,225.0,225.0,225.04,4500,10.13,9, 4500, 100.00
INFINIUM,SM,19-01-2026,225.0,224.0,228.0,224.0,224.95,224.95,225.73,2500,5.64,5, 2500, 100.00
INFINIUM,SM,20-01-2026,224.95,224.0,224.0,218.4,218.4,218.4,220.38,2500,5.51,5, 2500, 100.00
INFINIUM,SM,21-01-2026,218.4,215.0,215.0,215.0,215.0,215.0,215.0,500,1.08,1, 500, 100.00
INFINIUM,SM,22-01-2026,215.0,218.0,218.4,215.0,215.0,215.0,217.22,3000,6.52,6, 3000, 100.00
INFINIUM,SM,23-01-2026,215.0,223.5,223.5,214.5,214.5,214.5,217.67,1500,3.27,3, 1500, 100.00
INFINIUM,SM,27-01-2026,214.5,219.5,219.5,219.5,219.5,219.5,219.5,500,1.1,1, 500, 100.00
INFINIUM,SM,28-01-2026,219.5,219.75,219.75,219.5,219.7,219.7,219.65,1500,3.29,3, 1500, 100.00
INFINIUM,SM,29-01-2026,219.7,218.5,218.5,216.3,216.3,216.3,217.4,1000,2.17,2, 1000, 100.00
INFINIUM,SM,30-01-2026,216.3,216.3,221.0,216.3,218.0,218.0,219.21,2500,5.48,5, 2500, 100.00
INFINIUM,SM,01-02-2026,218.0,218.25,220.5,218.25,220.5,220.5,219.38,1000,2.19,2, 1000, 100.00
INFINIUM,SM,02-02-2026,220.5,219.9,219.9,219.9,219.9,219.9,219.9,500,1.1,1, 500, 100.00
INFINIUM,SM,03-02-2026,219.9,219.9,219.9,210.0,218.75,215.4,214.54,2500,5.36,5, 2500, 100.00
INFINIUM,SM,04-02-2026,215.4,220.75,220.75,215.0,215.0,215.0,217.85,2500,5.45,4, 2500, 100.00
INFINIUM,SM,05-02-2026,215.0,218.0,224.0,215.0,220.0,220.0,220.15,2500,5.5,5, 2000, 80.00
INFINIUM,SM,06-02-2026,220.0,228.5,229.65,215.0,220.0,220.0,224.95,5500,12.37,11, 3500, 63.64
INFINIUM,SM,09-02-2026,220.0,228.5,228.5,228.5,228.5,228.5,228.5,500,1.14,1, 500, 100.00
INFINIUM,SM,10-02-2026,228.5,231.5,231.5,218.0,218.45,218.45,220.55,3000,6.62,6, 2500, 83.33
INFINIUM,SM,11-02-2026,218.45,218.0,219.95,218.0,219.95,219.95,218.98,1000,2.19,2, 1000, 100.00
INFINIUM,SM,12-02-2026,219.95,219.95,219.95,219.95,219.95,219.95,219.95,500,1.1,1, 500, 100.00
INFINIUM,SM,13-02-2026,219.95,219.95,219.95,219.95,219.95,219.95,219.95,1000,2.2,2, 1000, 100.00
INFINIUM,SM,16-02-2026,219.95,224.75,224.75,224.75,224.75,224.75,224.75,500,1.12,1, 500, 100.00
INFINIUM,SM,19-02-2026,224.75,214.0,223.75,213.55,214.0,214.0,214.6,6500,13.95,13, 4000, 61.54
INFINIUM,SM,20-02-2026,214.0,209.0,209.5,209.0,209.0,209.0,209.13,2000,4.18,4, 2000, 100.00
INFINIUM,SM,23-02-2026,209.0,210.5,210.5,209.5,209.5,209.5,210.02,1500,3.15,3, 1500, 100.00
INFINIUM,SM,24-02-2026,209.5,217.75,217.75,210.0,210.0,210.0,214.58,1500,3.22,3, 1500, 100.00
INFINIUM,SM,25-02-2026,210.0,214.9,214.9,214.9,214.9,214.9,214.9,500,1.07,1, 500, 100.00
INFINIUM,SM,27-02-2026,214.9,213.0,213.0,207.0,212.7,211.35,209.32,4500,9.42,8, 3000, 66.67
INFINIUM,SM,02-03-2026,211.35,217.5,217.5,204.0,208.95,208.95,207.74,2500,5.19,5, 2000, 80.00
INFINIUM,SM,04-03-2026,208.95,203.05,209.75,202.05,209.75,209.75,204.26,2000,4.09,4, 2000, 100.00
INFINIUM,SM,05-03-2026,209.75,216.9,216.9,216.9,216.9,216.9,216.9,500,1.08,1, 500, 100.00
INFINIUM,SM,06-03-2026,216.9,217.0,217.0,217.0,217.0,217.0,217.0,500,1.09,1, 500, 100.00
INFINIUM,SM,09-03-2026,217.0,206.5,208.0,206.5,208.0,208.0,207.7,2500,5.19,5, 2500, 100.00
INFINIUM,SM,10-03-2026,208.0,214.5,214.5,208.1,208.1,208.1,211.7,1500,3.18,3, 1500, 100.00
INFINIUM,SM,11-03-2026,208.1,206.0,207.5,206.0,207.5,207.5,206.75,2000,4.14,2, 2000, 100.00
INFINIUM,SM,12-03-2026,207.5,212.0,212.0,206.25,211.75,211.75,211.07,3500,7.39,7, 3500, 100.00
INFINIUM,SM,13-03-2026,211.75,203.3,203.3,203.3,203.3,203.3,203.3,500,1.02,1, 500, 100.00
INFINIUM,SM,16-03-2026,203.3,209.0,209.0,200.0,200.0,200.0,203.0,4500,9.14,6, 4000, 88.89
INFINIUM,SM,17-03-2026,200.0,209.0,209.0,200.5,200.5,200.5,204.75,1000,2.05,2, 1000, 100.00
INFINIUM,SM,18-03-2026,200.5,200.5,206.5,200.0,203.0,203.0,201.85,5500,11.1,10, 4500, 81.82
INFINIUM,SM,19-03-2026,203.0,209.0,209.0,198.0,199.0,199.0,199.92,6000,12.0,4, 6000, 100.00
INFINIUM,SM,20-03-2026,199.0,207.5,207.5,201.5,203.0,202.45,202.79,9000,18.25,11, 9000, 100.00
INFINIUM,SM,23-03-2026,202.45,205.5,205.5,200.0,203.0,203.0,201.28,8000,16.1,8, 8000, 100.00
INFINIUM,SM,24-03-2026,203.0,199.0,202.0,199.0,202.0,202.0,201.0,4000,8.04,5, 4000, 100.00
INFINIUM,SM,25-03-2026,202.0,209.5,209.5,200.1,200.1,200.1,205.25,10500,21.55,13, 9000, 85.71
INFINIUM,SM,27-03-2026,200.1,207.5,207.5,198.0,198.0,199.35,200.35,45000,90.16,17, 45000, 100.00
INFINIUM,SM,30-03-2026,199.35,189.45,204.75,189.4,192.7,192.8,193.22,9500,18.36,19, 6500, 68.42
INFINIUM,SM,01-04-2026,192.8,202.0,202.0,202.0,202.0,202.0,202.0,1500,3.03,3, 1500, 100.00
INFINIUM,SM,02-04-2026,202.0,206.5,206.5,206.0,206.0,206.0,206.02,12500,25.75,2, 12500, 100.00
INFINIUM,SM,06-04-2026,206.0,210.5,210.5,207.1,210.5,208.8,209.37,1500,3.14,3, 1500, 100.00
INFINIUM,SM,07-04-2026,208.8,213.5,213.5,205.5,205.5,205.5,208.04,7000,14.56,7, 7000, 100.00
INFINIUM,SM,08-04-2026,205.5,214.5,215.75,206.0,215.75,215.75,214.84,7500,16.11,13, 5500, 73.33
INFINIUM,SM,09-04-2026,215.75,221.5,221.5,219.95,220.0,219.95,220.21,3500,7.71,5, 2500, 71.43
INFINIUM,SM,10-04-2026,219.95,220.0,220.0,214.0,215.05,215.05,217.12,4500,9.77,8, 3000, 66.67
INFINIUM,SM,13-04-2026,215.05,223.0,223.0,210.0,210.0,210.0,216.5,1000,2.17,2, 1000, 100.00
INFINIUM,SM,15-04-2026,210.0,218.5,218.5,207.95,207.95,208.45,210.35,8000,16.83,16, 7500, 93.75
INFINIUM,SM,16-04-2026,208.45,214.0,214.0,212.95,212.95,212.95,213.48,1000,2.13,2, 1000, 100.00
INFINIUM,SM,17-04-2026,212.95,219.5,219.5,204.0,205.4,205.05,206.45,10500,21.68,21, 7500, 71.43
INFINIUM,SM,20-04-2026,205.05,205.05,212.0,200.05,210.0,210.0,206.14,4000,8.25,7, 3000, 75.00
INFINIUM,SM,21-04-2026,210.0,213.5,213.5,213.5,213.5,213.5,213.5,500,1.07,1, 500, 100.00
INFINIUM,SM,22-04-2026,213.5,214.5,214.95,210.1,210.2,210.2,212.85,2500,5.32,5, 2000, 80.00
INFINIUM,SM,23-04-2026,210.2,217.5,217.5,209.0,209.1,209.05,211.18,2000,4.22,4, 1500, 75.00
INFINIUM,SM,24-04-2026,209.05,214.5,214.5,204.5,210.0,210.0,209.67,1500,3.15,3, 1500, 100.00
INFINIUM,SM,27-04-2026,210.0,212.0,212.0,212.0,212.0,212.0,212.0,500,1.06,1, 500, 100.00
INFINIUM,SM,28-04-2026,212.0,214.5,214.5,207.5,207.5,207.5,212.41,3000,6.37,6, 2000, 66.67
INFINIUM,SM,29-04-2026,207.5,214.0,215.95,212.0,212.0,212.0,213.49,2000,4.27,4, 1500, 75.00
INFINIUM,SM,30-04-2026,212.0,214.5,216.25,208.1,216.25,216.25,212.83,3000,6.39,6, 2500, 83.33
INFINIUM,SM,04-05-2026,216.25,217.5,220.7,210.5,211.0,211.0,216.92,4500,9.76,9, 3000, 66.67
INFINIUM,SM,06-05-2026,210.2,218.0,218.4,208.0,208.0,208.0,212.84,6000,12.77,12, 5000, 83.33
INFINIUM,SM,05-05-2026,211.0,216.5,216.5,209.0,210.2,210.2,212.33,3500,7.43,6, 2000, 57.14
